# Compute m_ttbar distribution dxsection/dm_ttbar (pb/GeV) of PP > ttbar. Energy and mass in GeV, xsection in pb.
# Parameters: alphaS(ScaleR) = 0.107655, m_t = 172.5, PDFset = NNPDF31_nnlo_as_0118_notop, PDFmember = 0, ScaleF = 172.5, ScaleR = 172.5, sqrt(s_hadron) = 13000, MZ = 91.2, vev = 246.22, RelativeError = 0.01, DynamicScalingChoice = 0, ScaleUncertainty = (0.5,2)
# m_ttbar (GeV) 				 gg > singlet 	 [lower , 	 upper] 				 gg > octet 	 [lower , 	 upper] 				 qq > octet 	 [lower , 	 upper]
335				-0.00588272	-0.100034	0.0742127				0.014326	-0.116062	0.115954				0.00749057	-0.00515721	0.0183243
335.1				-0.00594577	-0.100618	0.0745989				0.0143245	-0.116428	0.116237				0.00750926	-0.00517622	0.0183753
335.2				-0.00600987	-0.101212	0.0749929				0.0143233	-0.116801	0.116525				0.00752831	-0.0051955	0.0184273
335.3				-0.00607498	-0.101818	0.0753951				0.0143227	-0.117179	0.116819				0.00754772	-0.00521508	0.0184801
335.4				-0.00614113	-0.102436	0.0758056				0.0143226	-0.117564	0.117119				0.0075675	-0.00523495	0.0185339
335.5				-0.00620834	-0.103066	0.0762247				0.014323	-0.117955	0.117425				0.00758767	-0.00525512	0.0185887
335.6				-0.00627666	-0.103709	0.0766526				0.0143239	-0.118352	0.117736				0.00760807	-0.0052756	0.0186445
335.7				-0.0063461	-0.104365	0.0770897				0.0143254	-0.118757	0.118054				0.00762903	-0.00529641	0.0187013
335.8				-0.00641672	-0.105034	0.0775361				0.0143275	-0.119168	0.118378				0.00765041	-0.00531754	0.0187591
335.9				-0.00648854	-0.105717	0.0779922				0.0143301	-0.119586	0.118709				0.00767221	-0.005339	0.018818
336				-0.0065616	-0.106415	0.0784582				0.0143333	-0.120012	0.119047				0.00769467	-0.00536081	0.0188779
336.1				-0.00663594	-0.107127	0.0789345				0.0143371	-0.120445	0.119391				0.00771734	-0.00538296	0.018939
336.2				-0.00671161	-0.107854	0.0794215				0.0143415	-0.120886	0.119742				0.00774047	-0.00540547	0.0190013
336.3				-0.00678864	-0.108597	0.0799193				0.0143465	-0.121334	0.1201				0.00776407	-0.00542836	0.0190647
336.4				-0.00686708	-0.109356	0.0804284				0.0143521	-0.121791	0.120466				0.00778804	-0.00545162	0.0191293
336.5				-0.00694697	-0.110131	0.0809492				0.0143585	-0.122255	0.120839				0.0078126	-0.00547527	0.0191952
336.6				-0.00702837	-0.110924	0.0814819				0.0143655	-0.122728	0.12122				0.00783767	-0.00549932	0.0192623
336.7				-0.00711132	-0.111734	0.0820272				0.0143731	-0.12321	0.121609				0.00786325	-0.00552378	0.0193308
336.8				-0.00719588	-0.112563	0.082585				0.0143815	-0.123701	0.122005				0.00788937	-0.00554867	0.0194006
336.9				-0.0072821	-0.113411	0.0831564				0.0143906	-0.124201	0.122411				0.00791604	-0.00557398	0.0194717
337				-0.00737005	-0.114279	0.0837414				0.0144005	-0.124711	0.122825				0.00794326	-0.00559974	0.0195443
337.1				-0.0074598	-0.115166	0.0843407				0.0144111	-0.12523	0.123248				0.00797106	-0.00562596	0.0196183
337.2				-0.00755137	-0.116075	0.0849547				0.0144225	-0.125759	0.12368				0.00799946	-0.00565266	0.0196939
337.3				-0.00764485	-0.117006	0.085584				0.0144347	-0.126298	0.124121				0.00802847	-0.00567983	0.0197709
337.4				-0.0077403	-0.117959	0.0862295				0.0144477	-0.126848	0.124572				0.0080581	-0.00570751	0.0198496
337.5				-0.00783781	-0.118936	0.086891				0.0144616	-0.127409	0.125033				0.00808838	-0.0057357	0.01993
337.6				-0.00793745	-0.119937	0.0875694				0.0144764	-0.127981	0.125504				0.00811933	-0.00576439	0.020012
337.7				-0.0080393	-0.120963	0.0882654				0.0144921	-0.128565	0.125986				0.00815097	-0.00579366	0.0200957
337.8				-0.00814345	-0.122015	0.0889797				0.0145087	-0.129161	0.126478				0.0081833	-0.00582349	0.0201812
337.9				-0.00824998	-0.123095	0.089713				0.0145263	-0.129768	0.126982				0.00821638	-0.0058539	0.0202685
338				-0.00835899	-0.124202	0.090466				0.0145449	-0.130389	0.127497				0.0082502	-0.0058849	0.0203577
338.1				-0.00847057	-0.125339	0.0912395				0.0145645	-0.131022	0.128024				0.00828479	-0.00591653	0.0204489
338.2				-0.00858484	-0.126507	0.0920343				0.0145851	-0.131669	0.128563				0.00832019	-0.00594879	0.0205421
338.3				-0.00870191	-0.127706	0.0928514				0.0146068	-0.13233	0.129115				0.0083576	-0.0059817	0.0206374
338.4				-0.00882187	-0.128938	0.0936916				0.0146296	-0.133005	0.12968				0.00839468	-0.0060153	0.0207348
338.5				-0.00894486	-0.130205	0.0945582				0.0146536	-0.133696	0.130261				0.00843264	-0.0060496	0.0208345
338.6				-0.009071	-0.131508	0.0954476				0.0146788	-0.134401	0.130853				0.00847152	-0.00608463	0.0209364
338.7				-0.00920045	-0.132848	0.0963632				0.0147052	-0.135123	0.13146				0.00851133	-0.0061204	0.0210408
338.8				-0.00933332	-0.134227	0.0973061				0.0147329	-0.13586	0.132082				0.00855213	-0.00615696	0.0211476
338.9				-0.00946978	-0.135647	0.0982775				0.0147619	-0.136615	0.132719				0.00859393	-0.00619432	0.0212569
339				-0.00961	-0.137109	0.0992788				0.0147922	-0.137388	0.133372				0.00863677	-0.00623251	0.0213689
339.1				-0.00975413	-0.138616	0.100311				0.014824	-0.138179	0.134042				0.0086807	-0.00627157	0.0214836
339.2				-0.00990238	-0.14017	0.101376				0.0148574	-0.138988	0.134729				0.00872576	-0.00631152	0.0216011
339.3				-0.0100545	-0.141773	0.102476				0.0148925	-0.139818	0.135434				0.00877196	-0.0063524	0.0217215
339.4				-0.0102115	-0.143426	0.103611				0.0149288	-0.140668	0.136157				0.00881939	-0.00639424	0.0218451
339.5				-0.0103733	-0.145134	0.104783				0.0149668	-0.141538	0.136899				0.00886807	-0.00643709	0.0219717
339.6				-0.01054	-0.146897	0.105995				0.0150065	-0.142431	0.137661				0.00891805	-0.00648097	0.0221017
339.7				-0.010712	-0.14872	0.107248				0.0150479	-0.143347	0.138445				0.00896939	-0.00652594	0.0222351
339.8				-0.0108894	-0.150605	0.108545				0.0150912	-0.144287	0.139249				0.00902214	-0.00657203	0.022372
339.9				-0.0110725	-0.152555	0.109887				0.0151364	-0.145251	0.140076				0.00907637	-0.0066193	0.0225126
340				-0.0112617	-0.154574	0.111277				0.0151836	-0.146242	0.140926				0.00913211	-0.00666778	0.022657
340.1				-0.0114573	-0.156666	0.112719				0.0152328	-0.147259	0.141801				0.00918944	-0.00671753	0.0228055
340.2				-0.0116597	-0.158834	0.114213				0.0152842	-0.148304	0.1427				0.00924845	-0.00676861	0.0229581
340.3				-0.0118691	-0.161082	0.115764				0.0153379	-0.149378	0.143627				0.00930917	-0.00682107	0.0231151
340.4				-0.0120861	-0.163416	0.117375				0.0153938	-0.150483	0.144581				0.00937169	-0.00687497	0.0232766
340.5				-0.0123111	-0.165839	0.119049				0.0154523	-0.15162	0.145564				0.00943611	-0.00693038	0.0234429
340.6				-0.0125444	-0.168358	0.120789				0.0155133	-0.15279	0.146577				0.00950249	-0.00698737	0.0236142
340.7				-0.0127866	-0.170978	0.1226				0.015577	-0.153996	0.147622				0.00957095	-0.007046	0.0237906
340.8				-0.0130383	-0.173705	0.124486				0.0156436	-0.155237	0.148699				0.00964156	-0.00710637	0.0239725
340.9				-0.0133	-0.176546	0.126452				0.015713	-0.156517	0.149811				0.00971444	-0.00716854	0.02416
341				-0.0135724	-0.179508	0.128502				0.0157856	-0.157838	0.15096				0.00978969	-0.00723262	0.0243536
341.1				-0.0138562	-0.182598	0.130643				0.0158614	-0.1592	0.152146				0.00986743	-0.00729869	0.0245534
341.2				-0.0141521	-0.185825	0.132879				0.0159408	-0.160607	0.153372				0.0099478	-0.00736685	0.0247598
341.3				-0.0144607	-0.189199	0.135217				0.0160236	-0.162061	0.154641				0.0100309	-0.00743722	0.0249731
341.4				-0.0147833	-0.192728	0.137665				0.0161101	-0.163563	0.155953				0.0101169	-0.0075099	0.0251937
341.5				-0.0151205	-0.196425	0.14023				0.0162008	-0.165117	0.157312				0.010206	-0.00758504	0.0254219
341.6				-0.0154736	-0.2003	0.142919				0.0162955	-0.166726	0.15872				0.0102983	-0.00766275	0.0256583
341.7				-0.0158437	-0.204367	0.145742				0.0163947	-0.168393	0.16018				0.010394	-0.00774318	0.0259031
341.8				-0.016232	-0.20864	0.148709				0.0164985	-0.17012	0.161694				0.0104933	-0.00782648	0.026157
341.9				-0.0166399	-0.213133	0.151832				0.0166073	-0.171912	0.163267				0.0105964	-0.00791283	0.0264204
342				-0.0170689	-0.217865	0.155121				0.0167213	-0.173772	0.1649				0.0107035	-0.0080024	0.0266939
342.1				-0.0175207	-0.222853	0.158589				0.0168408	-0.175705	0.166598				0.0108148	-0.00809538	0.0269781
342.2				-0.0179969	-0.228118	0.162251				0.0169663	-0.177714	0.168364				0.0109307	-0.008192	0.0272736
342.3				-0.0184998	-0.233682	0.16612				0.017098	-0.179805	0.170204				0.0110514	-0.00829247	0.0275812
342.4				-0.0190313	-0.23957	0.170217				0.0172364	-0.181982	0.172122				0.0111773	-0.00839704	0.0279016
342.5				-0.019594	-0.245809	0.174561				0.0173819	-0.184253	0.174123				0.0113086	-0.00850598	0.0282356
342.6				-0.0201906	-0.252429	0.179173				0.017535	-0.186622	0.176213				0.0114457	-0.0086196	0.0285842
342.7				-0.020824	-0.259463	0.184072				0.0176962	-0.189097	0.178397				0.011589	-0.00873819	0.0289483
342.8				-0.0214971	-0.266948	0.189287				0.0178664	-0.191685	0.180681				0.0117389	-0.00886213	0.0293291
342.9				-0.0222143	-0.274922	0.194844				0.0180455	-0.194394	0.183074				0.011896	-0.00899178	0.0297276
343				-0.0229791	-0.283431	0.200779				0.0182345	-0.197233	0.185585				0.0120607	-0.00912756	0.0301453
343.1				-0.023796	-0.292523	0.207117				0.0184343	-0.200212	0.188218				0.0122337	-0.00926995	0.0305835
343.2				-0.0246696	-0.30225	0.213899				0.0186456	-0.203341	0.190985				0.0124154	-0.00941943	0.0310437
343.3				-0.0256053	-0.31267	0.221166				0.0188694	-0.206632	0.193897				0.0126067	-0.00957658	0.0315278
343.4				-0.0266087	-0.323845	0.22896				0.0191065	-0.210099	0.196964				0.0128083	-0.009742	0.0320375
343.5				-0.0276865	-0.335843	0.237328				0.0193582	-0.213755	0.2002				0.0130211	-0.00991637	0.0325751
343.6				-0.0288442	-0.348735	0.246322				0.0196256	-0.217617	0.20362				0.0132459	-0.0101005	0.0331428
343.7				-0.0300893	-0.362595	0.25599				0.01991	-0.221703	0.207238				0.0134838	-0.0102951	0.0337432
343.8				-0.0314288	-0.3775	0.266386				0.0202126	-0.226031	0.21107				0.013736	-0.0105012	0.0343793
343.9				-0.0328699	-0.393525	0.277563				0.0205359	-0.230624	0.21514				0.0140038	-0.0107198	0.0350541
344				-0.0344198	-0.410745	0.28957				0.0208812	-0.235505	0.219467				0.0142885	-0.010952	0.0357713
344.1				-0.0360847	-0.429223	0.302453				0.0212507	-0.240702	0.224075				0.0145917	-0.0111991	0.036535
344.2				-0.03787	-0.449011	0.316243				0.0216465	-0.246244	0.228992				0.0149153	-0.0114625	0.0373493
344.3				-0.0397794	-0.470142	0.330965				0.0220712	-0.252162	0.234245				0.015261	-0.0117436	0.0382194
344.4				-0.0418142	-0.492618	0.34661				0.0225273	-0.258491	0.239868				0.0156309	-0.0120442	0.0391502
344.5				-0.0439693	-0.516408	0.36317				0.0230193	-0.265266	0.245893				0.0160272	-0.0123659	0.0401473
344.6				-0.046246	-0.541436	0.38058				0.0235463	-0.272524	0.252355				0.016452	-0.0127103	0.0412165
344.7				-0.0486312	-0.567578	0.398751				0.0241129	-0.280301	0.259287				0.0169076	-0.0130794	0.0423633
344.8				-0.0511109	-0.594663	0.417559				0.0247213	-0.288629	0.266721				0.0173959	-0.0134744	0.0435928
344.9				-0.0536669	-0.62247	0.436848				0.0253733	-0.297534	0.274682				0.0179185	-0.0138969	0.0449094
345				-0.0562775	-0.650745	0.45644				0.0260699	-0.307035	0.283191				0.0184764	-0.0143475	0.0463162
345.1				-0.0589191	-0.679212	0.476134				0.0268113	-0.317137	0.292255				0.0190702	-0.0148267	0.0478143
345.2				-0.0615672	-0.707589	0.495746				0.0275961	-0.327834	0.301866				0.0196994	-0.0153342	0.0494032
345.3				-0.0641984	-0.735609	0.515063				0.0284223	-0.339105	0.311999				0.0203627	-0.015869	0.0510799
345.4				-0.0667916	-0.763035	0.533931				0.0292864	-0.350917	0.322636				0.0210582	-0.0164296	0.0528395
345.5				-0.0693287	-0.789668	0.552212				0.0301841	-0.363223	0.33373				0.021783	-0.0170139	0.0546752
345.6				-0.0717958	-0.815357	0.569801				0.0311104	-0.37597	0.345231				0.0225338	-0.0176194	0.0565789
345.7				-0.0741836	-0.839995	0.586597				0.0320597	-0.389098	0.357083				0.0233071	-0.0182434	0.0585415
345.8				-0.076484	-0.86352	0.602611				0.033027	-0.402546	0.369229				0.0240991	-0.0188829	0.0605535
345.9				-0.0786945	-0.885903	0.6178				0.0340067	-0.416252	0.381611				0.0249061	-0.0195352	0.0626056
346				-0.0808145	-0.907146	0.632228				0.0349937	-0.430157	0.394192				0.0257244	-0.0201974	0.0646887
346.1				-0.0828452	-0.927275	0.645799				0.0359832	-0.444208	0.406883				0.0265508	-0.020867	0.0667944
346.2				-0.0847894	-0.946328	0.658599				0.0369712	-0.458354	0.419658				0.0273823	-0.0215419	0.068915
346.3				-0.0866508	-0.964356	0.670668				0.037954	-0.472553	0.432475				0.0282161	-0.0222197	0.0710438
346.4				-0.0884336	-0.981416	0.682039				0.0389283	-0.486765	0.445295				0.0290501	-0.0228989	0.0731922
346.5				-0.0901425	-0.997566	0.69276				0.0398917	-0.500959	0.458088				0.0298821	-0.0235778	0.0753221
346.6				-0.0917822	-1.01286	0.703196				0.0408417	-0.515105	0.470826				0.0307104	-0.0242551	0.0774479
346.7				-0.0933573	-1.02737	0.71277				0.0417766	-0.529181	0.483721				0.0315338	-0.0249297	0.07956
346.8				-0.0948723	-1.04114	0.721819				0.0426949	-0.543168	0.496313				0.0323509	-0.0256008	0.0816331
346.9				-0.0963314	-1.05423	0.73038				0.0435955	-0.557049	0.508798				0.0331609	-0.0262674	0.0837129
347				-0.0977387	-1.06668	0.73805				0.0444774	-0.570812	0.521162				0.0339629	-0.0269291	0.0857698
347.1				-0.0990978	-1.07854	0.74571				0.04534	-0.584446	0.533077				0.0347564	-0.0275854	0.0878106
347.2				-0.100412	-1.08985	0.752981				0.0461827	-0.597943	0.54515				0.0355408	-0.0282358	0.0898301
347.3				-0.101685	-1.10066	0.759891				0.0470052	-0.611298	0.557079				0.0363158	-0.02888	0.0918273
347.4				-0.10292	-1.11099	0.766465				0.0478074	-0.624505	0.56886				0.0370811	-0.0295178	0.0938013
347.5				-0.104118	-1.12089	0.772726				0.048589	-0.637561	0.580489				0.0378366	-0.0301491	0.0957517
347.6				-0.105283	-1.13037	0.778697				0.0493501	-0.650463	0.591965				0.038582	-0.0307737	0.0976781
347.7				-0.106417	-1.13948	0.784396				0.0500908	-0.663212	0.603286				0.0393174	-0.0313916	0.0995803
347.8				-0.107522	-1.14822	0.78984				0.0508112	-0.675805	0.614451				0.0400427	-0.0320027	0.101458
347.9				-0.1086	-1.15664	0.795049				0.0515114	-0.688243	0.625462				0.040758	-0.032607	0.103312
348				-0.109652	-1.16474	0.800035				0.0521917	-0.700527	0.636319				0.0414632	-0.0332045	0.105141
348.1				-0.11068	-1.17254	0.804814				0.0528523	-0.712658	0.647023				0.0421585	-0.0337953	0.106946
348.2				-0.111686	-1.18007	0.809322				0.0534935	-0.724636	0.657523				0.0428439	-0.0343795	0.108728
348.3				-0.112671	-1.18734	0.813721				0.0541154	-0.736464	0.667924				0.0435195	-0.034957	0.110485
348.4				-0.113636	-1.19437	0.817946				0.0547185	-0.748144	0.678176				0.0441855	-0.035528	0.11222
348.5				-0.114582	-1.20117	0.822007				0.0553031	-0.759677	0.688282				0.044842	-0.0360925	0.113931
348.6				-0.115511	-1.20774	0.825915				0.0558695	-0.771065	0.698244				0.0454892	-0.0366506	0.11562
348.7				-0.116423	-1.21412	0.829676				0.056418	-0.782311	0.708063				0.0461271	-0.0372025	0.117286
348.8				-0.117319	-1.22029	0.833204				0.0569489	-0.793417	0.717769				0.046756	-0.0377482	0.11893
348.9				-0.1182	-1.22628	0.836692				0.0574625	-0.804385	0.727311				0.047376	-0.0382878	0.120552
349				-0.119066	-1.2321	0.840055				0.0579591	-0.815217	0.736718				0.0479871	-0.0388214	0.122153
349.1				-0.119919	-1.23775	0.843299				0.0584391	-0.825917	0.745991				0.0485897	-0.0393493	0.123734
349.2				-0.12076	-1.24323	0.846431				0.0589028	-0.836485	0.755135				0.0491838	-0.0398713	0.125293
349.3				-0.121587	-1.24857	0.849456				0.0593504	-0.846926	0.76415				0.0497696	-0.0403877	0.126833
349.4				-0.122403	-1.25376	0.852378				0.0597824	-0.85724	0.773039				0.0503473	-0.0408985	0.128352
349.5				-0.123196	-1.25881	0.855203				0.0602078	-0.86743	0.781805				0.0509169	-0.0414038	0.129852
349.6				-0.123991	-1.26373	0.857934				0.0606093	-0.8775	0.79045				0.0514787	-0.0419038	0.131333
349.7				-0.124774	-1.26853	0.860576				0.060996	-0.88745	0.798975				0.0520328	-0.0423985	0.132795
349.8				-0.125549	-1.2732	0.863132				0.0613681	-0.897283	0.807383				0.0525793	-0.0428881	0.134238
349.9				-0.126313	-1.27776	0.865606				0.061726	-0.907002	0.815677				0.0531184	-0.0433726	0.135664
350				-0.12707	-1.2822	0.868002				0.0620687	-0.916608	0.823859				0.0536501	-0.0438522	0.137072
350.1				-0.127817	-1.28654	0.870321				0.0623988	-0.926103	0.831929				0.0541748	-0.0443269	0.138462
350.2				-0.128555	-1.29077	0.872569				0.0627155	-0.93549	0.839891				0.0546924	-0.0447968	0.139835
350.3				-0.129286	-1.2949	0.874746				0.0630189	-0.94477	0.847747				0.0552031	-0.0452619	0.141192
350.4				-0.130008	-1.29894	0.876856				0.0633094	-0.953945	0.855498				0.0557071	-0.0457226	0.142531
350.5				-0.130723	-1.30289	0.878901				0.0635871	-0.963018	0.863147				0.0562044	-0.0461786	0.143855
350.6				-0.131431	-1.30675	0.880884				0.0638525	-0.97199	0.870695				0.0566951	-0.0466303	0.145163
350.7				-0.132132	-1.31052	0.882915				0.0641055	-0.980863	0.878232				0.0571795	-0.0470775	0.146455
350.8				-0.132826	-1.31421	0.88478				0.0643464	-0.989639	0.885585				0.0576576	-0.0475204	0.147732
350.9				-0.133513	-1.31782	0.886589				0.0645755	-0.998319	0.892842				0.0581294	-0.0479592	0.148993
351				-0.134194	-1.32135	0.888344				0.064793	-1.00691	0.900005				0.0585953	-0.0483938	0.15024
351.1				-0.134869	-1.3248	0.890047				0.0649991	-1.0154	0.907076				0.0590551	-0.0488243	0.151472
351.2				-0.135538	-1.32819	0.891698				0.065194	-1.0238	0.914057				0.0595091	-0.0492508	0.15269
351.3				-0.136201	-1.3315	0.893262				0.0653779	-1.03212	0.920915				0.0599573	-0.0496734	0.153891
351.4				-0.136858	-1.33475	0.894816				0.065551	-1.04034	0.927718				0.0603998	-0.0500921	0.155081
351.5				-0.13751	-1.33792	0.896324				0.0657135	-1.04849	0.934435				0.0608368	-0.0505071	0.156256
351.6				-0.138157	-1.34104	0.897832				0.0658655	-1.05654	0.941106				0.0612683	-0.0509183	0.157419
351.7				-0.138799	-1.34409	0.899251				0.0660073	-1.06452	0.947655				0.0616944	-0.0513259	0.158569
351.8				-0.139435	-1.34708	0.900629				0.066139	-1.07241	0.954123				0.0621152	-0.0517298	0.159706
351.9				-0.140067	-1.35002	0.901959				0.0662607	-1.08022	0.960505				0.0625308	-0.0521302	0.160831
352				-0.140693	-1.35289	0.903256				0.0663727	-1.08795	0.966814				0.0629413	-0.0525272	0.161942
352.1				-0.141315	-1.35571	0.904514				0.0664752	-1.0956	0.973044				0.0633468	-0.0529206	0.163042
352.2				-0.141933	-1.35848	0.905735				0.0665683	-1.10318	0.979198				0.0637473	-0.0533108	0.164129
352.3				-0.142546	-1.36119	0.906917				0.0666522	-1.11068	0.985274				0.0641429	-0.0536975	0.165204
352.4				-0.143155	-1.36385	0.908065				0.0667269	-1.11811	0.991278				0.0645337	-0.054081	0.166268
352.5				-0.143759	-1.36646	0.909178				0.0667927	-1.12546	0.997209				0.0649198	-0.0544613	0.16732
352.6				-0.144359	-1.36903	0.910258				0.0668497	-1.13274	1.00307				0.0653012	-0.0548384	0.168361
352.7				-0.144956	-1.37154	0.911305				0.066898	-1.13996	1.00886				0.065678	-0.0552124	0.169391
352.8				-0.145548	-1.37401	0.91232				0.0669378	-1.1471	1.01458				0.0660503	-0.0555832	0.170409
352.9				-0.146136	-1.37643	0.913304				0.0669691	-1.15417	1.02022				0.0664182	-0.0559511	0.171417
353				-0.146721	-1.37881	0.914256				0.0669923	-1.16117	1.02581				0.0667817	-0.056316	0.172414
353.1				-0.147302	-1.38115	0.915176				0.0670073	-1.16811	1.03132				0.0671409	-0.0566779	0.1734
353.2				-0.147879	-1.38344	0.91607				0.0670144	-1.17498	1.03677				0.0674958	-0.0570369	0.174376
353.3				-0.148453	-1.3857	0.916936				0.067014	-1.18179	1.04216				0.0678465	-0.0573931	0.175342
353.4				-0.149023	-1.38791	0.917773				0.0670054	-1.18853	1.04748				0.0681931	-0.0577465	0.176298
353.5				-0.149589	-1.39008	0.918018				0.0669892	-1.19521	1.05218				0.0685356	-0.058097	0.177243
353.6				-0.150152	-1.39221	0.918801				0.0669655	-1.20183	1.05737				0.0688741	-0.0584448	0.178179
353.7				-0.150712	-1.39431	0.919559				0.0669345	-1.20839	1.06251				0.0692087	-0.05879	0.179106
353.8				-0.151269	-1.39637	0.920291				0.0668961	-1.21488	1.06758				0.0695393	-0.0591324	0.180022
353.9				-0.151822	-1.39839	0.920999				0.0668506	-1.22132	1.07259				0.0698661	-0.0594722	0.18093
354				-0.152372	-1.40038	0.921682				0.066798	-1.2277	1.07755				0.0701892	-0.0598095	0.181828
354.1				-0.15292	-1.40233	0.922342				0.0667385	-1.23402	1.08244				0.0705084	-0.0601441	0.182717
354.2				-0.153464	-1.40425	0.922978				0.0666722	-1.24028	1.08728				0.070824	-0.0604762	0.183597
354.3				-0.153985	-1.40613	0.923592				0.066618	-1.24649	1.09207				0.0711358	-0.0608059	0.184468
354.4				-0.154523	-1.40798	0.924184				0.0665383	-1.25264	1.0968				0.0714442	-0.0611331	0.18533
354.5				-0.155058	-1.4098	0.924753				0.0664521	-1.25873	1.10147				0.071749	-0.0614578	0.186184
354.6				-0.155591	-1.41159	0.925302				0.0663594	-1.26477	1.10609				0.0720503	-0.0617802	0.187028
354.7				-0.15612	-1.41335	0.925829				0.0662604	-1.27076	1.11066				0.0723482	-0.0621002	0.187865
354.8				-0.156649	-1.41508	0.926336				0.0661526	-1.27669	1.11517				0.0726426	-0.0624178	0.188693
354.9				-0.157173	-1.41677	0.926823				0.0660411	-1.28258	1.11964				0.0729337	-0.0627332	0.189513
355				-0.157694	-1.41844	0.92729				0.0659236	-1.28841	1.12405				0.0732215	-0.0630462	0.190325
355.1				-0.158213	-1.42008	0.927738				0.0658001	-1.29419	1.12841				0.073506	-0.063357	0.191129
355.2				-0.158729	-1.42169	0.928167				0.0656706	-1.29992	1.13272				0.0737873	-0.0636656	0.191925
355.3				-0.159242	-1.42328	0.928577				0.0655354	-1.30559	1.13698				0.0740654	-0.063972	0.192713
355.4				-0.159752	-1.42483	0.928969				0.0653944	-1.31122	1.1412				0.0743403	-0.0642762	0.193493
355.5				-0.160261	-1.42636	0.929343				0.0652477	-1.31681	1.14536				0.0746121	-0.0645783	0.194266
355.6				-0.160766	-1.42787	0.9297				0.0650955	-1.32234	1.14948				0.0748808	-0.0648782	0.195031
355.7				-0.161269	-1.42934	0.930039				0.0649378	-1.32783	1.15355				0.0751465	-0.065176	0.195789
355.8				-0.16177	-1.4308	0.930362				0.0647747	-1.33327	1.15758				0.0754092	-0.0654718	0.196539
355.9				-0.162268	-1.43222	0.930667				0.0646062	-1.33866	1.16156				0.075669	-0.0657655	0.197282
356				-0.162764	-1.43363	0.930957				0.0644324	-1.34401	1.16549				0.0759257	-0.0660572	0.198018
356.1				-0.163257	-1.435	0.93123				0.0642537	-1.34931	1.16938				0.0761796	-0.0663469	0.198747
356.2				-0.163748	-1.43636	0.931488				0.0640697	-1.35457	1.17322				0.0764307	-0.0666346	0.199469
356.3				-0.164237	-1.43769	0.93173				0.0638806	-1.35978	1.17703				0.0766789	-0.0669204	0.200183
356.4				-0.164724	-1.439	0.931956				0.0636865	-1.36495	1.18079				0.0769243	-0.0672042	0.200891
356.5				-0.165208	-1.44028	0.932168				0.0634875	-1.37008	1.1845				0.077167	-0.0674861	0.201592
356.6				-0.16569	-1.44155	0.932365				0.0632837	-1.37516	1.18818				0.0774069	-0.0677661	0.202286
356.7				-0.16617	-1.44279	0.932548				0.0630751	-1.3802	1.19181				0.0776442	-0.0680442	0.202974
356.8				-0.166648	-1.44401	0.932717				0.0628618	-1.3852	1.1954				0.0778787	-0.0683204	0.203655
356.9				-0.167123	-1.44521	0.932871				0.0626439	-1.39016	1.19895				0.0781106	-0.0685949	0.20433
357				-0.167596	-1.44638	0.933012				0.0624216	-1.39507	1.20246				0.0783399	-0.0688675	0.204999
357.1				-0.168068	-1.44754	0.933129				0.0621946	-1.39995	1.20592				0.0785667	-0.0691383	0.205661
357.2				-0.168537	-1.44868	0.933243				0.061963	-1.40479	1.20936				0.0787909	-0.0694073	0.206317
357.3				-0.169004	-1.44979	0.933344				0.0617271	-1.40958	1.21275				0.0790125	-0.0696746	0.206966
357.4				-0.169469	-1.45089	0.933432				0.0614871	-1.41434	1.2161				0.0792317	-0.0699401	0.20761
357.5				-0.169931	-1.45197	0.933507				0.0612426	-1.41906	1.21942				0.0794484	-0.0702039	0.208247
357.6				-0.170392	-1.45303	0.933566				0.0609939	-1.42374	1.2227				0.0796626	-0.070466	0.208878
357.7				-0.170851	-1.45406	0.933617				0.060741	-1.42839	1.22594				0.0798745	-0.0707264	0.209504
357.8				-0.171308	-1.45508	0.933655				0.0604841	-1.43299	1.22915				0.080084	-0.0709851	0.210124
357.9				-0.171763	-1.45609	0.933682				0.060223	-1.43756	1.23231				0.0802911	-0.0712425	0.210737
358				-0.172216	-1.45707	0.933696				0.059958	-1.44209	1.23545				0.0804958	-0.0714979	0.211345
358.1				-0.172667	-1.45804	0.933699				0.059689	-1.44658	1.23855				0.0806983	-0.0717517	0.211948
358.2				-0.173116	-1.45898	0.933691				0.0594162	-1.45104	1.24161				0.0808984	-0.0720039	0.212544
358.3				-0.173563	-1.45991	0.933668				0.0591395	-1.45546	1.24463				0.0810963	-0.0722545	0.213136
358.4				-0.174008	-1.46082	0.933637				0.0588591	-1.45985	1.24763				0.081292	-0.0725036	0.213721
358.5				-0.174452	-1.46172	0.933596				0.0585749	-1.4642	1.25058				0.0814854	-0.072751	0.214301
358.6				-0.174864	-1.4626	0.933544				0.05832	-1.46852	1.25351				0.0816764	-0.0729969	0.214876
358.7				-0.175304	-1.46346	0.933481				0.0580286	-1.4728	1.2564				0.0818655	-0.0732413	0.215445
358.8				-0.175742	-1.46431	0.933408				0.0577335	-1.47705	1.25926				0.0820524	-0.0734841	0.21601
358.9				-0.176178	-1.46514	0.933325				0.0574345	-1.48127	1.26209				0.0822372	-0.0737255	0.216568
359				-0.176612	-1.46596	0.933232				0.0571324	-1.48545	1.26488				0.0824199	-0.0739654	0.217122
359.1				-0.177044	-1.46676	0.933129				0.0568269	-1.4896	1.26764				0.0826005	-0.0742038	0.217671
359.2				-0.177475	-1.46754	0.933016				0.0565179	-1.49371	1.27037				0.0827791	-0.0744407	0.218214
359.3				-0.177904	-1.46831	0.932893				0.0562057	-1.49779	1.27307				0.0829556	-0.0746761	0.218752
359.4				-0.178331	-1.46906	0.932761				0.0558901	-1.50185	1.27574				0.0831301	-0.0749101	0.219286
359.5				-0.178756	-1.4698	0.932619				0.0555711	-1.50587	1.27838				0.0833026	-0.0751427	0.219814
359.6				-0.17918	-1.47052	0.932468				0.055249	-1.50985	1.28099				0.0834731	-0.0753738	0.220337
359.7				-0.179602	-1.47123	0.932308				0.0549237	-1.51381	1.28356				0.0836416	-0.0756036	0.220856
359.8				-0.180022	-1.47192	0.932139				0.0545958	-1.51774	1.28611				0.0838082	-0.075832	0.22137
359.9				-0.18044	-1.4726	0.931962				0.0542643	-1.52163	1.28863				0.0839729	-0.0760589	0.221879
360				-0.180857	-1.47327	0.931775				0.0539298	-1.5255	1.29111				0.0841357	-0.0762845	0.222383
360.1				-0.181277	-1.47392	0.93158				0.0535879	-1.52933	1.29357				0.0842965	-0.0765088	0.222883
360.2				-0.18169	-1.47456	0.931376				0.0532474	-1.53313	1.296				0.0844555	-0.0767317	0.223378
360.3				-0.182102	-1.47519	0.931164				0.052904	-1.53691	1.29841				0.0846127	-0.0769533	0.223868
360.4				-0.182512	-1.4758	0.930944				0.0525577	-1.54065	1.30078				0.084768	-0.0771736	0.224354
360.5				-0.182921	-1.4764	0.930715				0.0522086	-1.54437	1.30313				0.0849215	-0.0773925	0.224835
360.6				-0.183327	-1.47698	0.930479				0.0518566	-1.54806	1.30544				0.0850732	-0.0776102	0.22531
360.7				-0.183733	-1.47755	0.930234				0.0515019	-1.55172	1.30773				0.0852231	-0.0778265	0.225783
360.8				-0.184136	-1.47811	0.929982				0.0511444	-1.55535	1.31				0.0853713	-0.0780417	0.226251
360.9				-0.184538	-1.47866	0.929722				0.0507847	-1.55895	1.31223				0.0855177	-0.0782555	0.226714
361				-0.184939	-1.4792	0.929454				0.0504219	-1.56252	1.31445				0.0856624	-0.0784681	0.227174
361.1				-0.185338	-1.47972	0.929179				0.0500564	-1.56607	1.31663				0.0858053	-0.0786794	0.227629
361.2				-0.185735	-1.48023	0.928896				0.0496883	-1.56959	1.31879				0.0859466	-0.0788894	0.22808
361.3				-0.186131	-1.48072	0.928606				0.0493177	-1.57308	1.32092				0.0860861	-0.0790983	0.228527
361.4				-0.186525	-1.48121	0.928309				0.0489445	-1.57655	1.32303				0.0862241	-0.0793059	0.228968
361.5				-0.186918	-1.48168	0.928005				0.0485689	-1.57998	1.32511				0.0863603	-0.0795123	0.229407
361.6				-0.187309	-1.48215	0.927693				0.0481908	-1.5834	1.32716				0.0864949	-0.0797175	0.229841
361.7				-0.187699	-1.4826	0.927375				0.0478103	-1.58678	1.32919				0.0866279	-0.0799216	0.230271
361.8				-0.188087	-1.48304	0.92705				0.0474274	-1.59014	1.3312				0.0867593	-0.0801244	0.230698
361.9				-0.188473	-1.48346	0.926705				0.0470421	-1.59348	1.33317				0.086889	-0.0803261	0.23112
362				-0.188859	-1.48388	0.926366				0.0466545	-1.59678	1.33512				0.0870172	-0.0805266	0.231538
362.1				-0.189242	-1.48429	0.926021				0.0462646	-1.60007	1.33706				0.0871438	-0.0807259	0.231953
362.2				-0.189581	-1.48468	0.925669				0.0459258	-1.60332	1.33897				0.0872689	-0.0809241	0.232363
362.3				-0.189961	-1.48506	0.925311				0.0455312	-1.60656	1.34085				0.087392	-0.0811212	0.23277
362.4				-0.19034	-1.48544	0.924947				0.0451346	-1.60976	1.34272				0.087514	-0.0813172	0.233173
362.5				-0.190718	-1.4858	0.924576				0.0447359	-1.61295	1.34456				0.0876345	-0.081512	0.233572
362.6				-0.191094	-1.48615	0.924199				0.0443351	-1.6161	1.34637				0.0877535	-0.0817057	0.233967
362.7				-0.191469	-1.48649	0.923817				0.0439321	-1.61924	1.34817				0.087871	-0.0818983	0.234359
362.8				-0.191843	-1.48682	0.923427				0.043527	-1.62235	1.34994				0.087987	-0.0820898	0.234747
362.9				-0.192215	-1.48715	0.923028				0.0431199	-1.62543	1.35168				0.0881015	-0.0822802	0.235131
363				-0.192585	-1.48746	0.922627				0.0427108	-1.6285	1.35341				0.0882147	-0.0824695	0.235512
363.1				-0.192954	-1.48776	0.92222				0.0422996	-1.63154	1.35511				0.0883263	-0.0826578	0.235889
363.2				-0.193322	-1.48805	0.921802				0.0418865	-1.63455	1.35679				0.0884366	-0.0828449	0.236263
363.3				-0.193688	-1.48833	0.921384				0.0414715	-1.63754	1.35845				0.0885454	-0.0830311	0.236633
363.4				-0.194053	-1.4886	0.92096				0.0410546	-1.64051	1.36009				0.0886529	-0.0832162	0.236999
363.5				-0.194417	-1.48886	0.920531				0.0406357	-1.64346	1.36171				0.0887589	-0.0834002	0.237362
363.6				-0.194779	-1.48911	0.920096				0.040215	-1.64638	1.36331				0.0888636	-0.0835832	0.237722
363.7				-0.195139	-1.48936	0.919656				0.0397924	-1.64929	1.36489				0.0889669	-0.0837652	0.238078
363.8				-0.195499	-1.48959	0.919211				0.039368	-1.65217	1.36644				0.0890689	-0.0839467	0.238431
363.9				-0.195857	-1.48982	0.91876				0.0389419	-1.65502	1.36798				0.0891695	-0.0841266	0.238781
364				-0.196213	-1.49003	0.918305				0.038514	-1.65786	1.36949				0.0892688	-0.0843056	0.239127
364.1				-0.196568	-1.49024	0.917844				0.0380843	-1.66067	1.37099				0.0893668	-0.0844835	0.239469
364.2				-0.196922	-1.49043	0.917378				0.037653	-1.66346	1.37247				0.0894634	-0.0846605	0.239809
364.3				-0.197275	-1.49062	0.916907				0.0372199	-1.66623	1.37392				0.0895588	-0.0848364	0.240142
364.4				-0.197626	-1.4908	0.916431				0.0367852	-1.66898	1.37536				0.0896525	-0.0850114	0.240475
364.5				-0.197976	-1.49097	0.91595				0.0363489	-1.67171	1.37677				0.0897453	-0.0851855	0.240805
364.6				-0.198324	-1.49114	0.915465				0.0359109	-1.67442	1.37817				0.0898368	-0.0853585	0.241131
364.7				-0.198672	-1.49129	0.914974				0.0354714	-1.67711	1.37955				0.0899271	-0.0855306	0.241455
364.8				-0.199017	-1.49143	0.914479				0.0350303	-1.67977	1.38091				0.0900161	-0.0857017	0.241775
364.9				-0.199362	-1.49157	0.91398				0.0345876	-1.68242	1.38225				0.0901039	-0.0858719	0.242092
365				-0.199705	-1.4917	0.913475				0.0341437	-1.68504	1.38357				0.0901905	-0.0860412	0.242406
365.1				-0.199985	-1.49182	0.912966				0.0337778	-1.68765	1.38487				0.0902752	-0.0862095	0.242717
365.2				-0.200325	-1.49193	0.912453				0.0333307	-1.69023	1.38616				0.0903594	-0.086377	0.243025
365.3				-0.200665	-1.49204	0.911935				0.0328821	-1.69279	1.38742				0.0904424	-0.0865434	0.243329
365.4				-0.201003	-1.49213	0.911413				0.032432	-1.69534	1.38867				0.0905242	-0.086709	0.243631
365.5				-0.20134	-1.49222	0.910887				0.0319806	-1.69786	1.3899				0.0906048	-0.0868736	0.24393
365.6				-0.201681	-1.4923	0.910356				0.0315206	-1.70037	1.39111				0.0906842	-0.0870373	0.244226
365.7				-0.202015	-1.49237	0.909821				0.0310665	-1.70286	1.39231				0.0907625	-0.0872002	0.244519
365.8				-0.202348	-1.49244	0.909282				0.030611	-1.70532	1.39349				0.0908397	-0.0873621	0.24481
365.9				-0.20268	-1.4925	0.908739				0.0301542	-1.70777	1.39465				0.0909157	-0.0875232	0.245097
366				-0.203011	-1.49255	0.908192				0.029696	-1.7102	1.39579				0.0909905	-0.0876834	0.245381
366.1				-0.20334	-1.49259	0.907641				0.0292366	-1.71261	1.39691				0.0910643	-0.0878427	0.245662
366.2				-0.203668	-1.49262	0.907086				0.028776	-1.715	1.39802				0.0911369	-0.0880011	0.245941
366.3				-0.203994	-1.49265	0.906507				0.0283141	-1.71737	1.39909				0.0912085	-0.0881587	0.246217
366.4				-0.20432	-1.49267	0.905944				0.0278509	-1.71973	1.40017				0.091279	-0.0883154	0.24649
366.5				-0.204644	-1.49268	0.905378				0.0273866	-1.72206	1.40122				0.0913483	-0.0884712	0.246761
366.6				-0.204967	-1.49269	0.904807				0.0269211	-1.72438	1.40227				0.0914166	-0.0886262	0.247028
366.7				-0.205289	-1.49269	0.904233				0.0264544	-1.72668	1.40329				0.0914838	-0.0887804	0.247293
366.8				-0.205609	-1.49268	0.903655				0.0259869	-1.72896	1.4043				0.09155	-0.0889337	0.247555
366.9				-0.205928	-1.49267	0.903074				0.025518	-1.73123	1.4053				0.0916151	-0.0890862	0.247815
367				-0.206173	-1.49264	0.902489				0.0251442	-1.73347	1.40628				0.0916792	-0.0892378	0.248072
367.1				-0.20649	-1.49261	0.9019				0.0246731	-1.7357	1.40724				0.0917414	-0.0893886	0.248326
367.2				-0.206806	-1.49258	0.901308				0.0242008	-1.73791	1.40818				0.0918034	-0.0895386	0.248574
367.3				-0.20712	-1.49254	0.900712				0.0237275	-1.7401	1.40912				0.0918644	-0.0896878	0.248823
367.4				-0.207434	-1.49249	0.900113				0.0232533	-1.74228	1.41003				0.0919244	-0.0898362	0.24907
367.5				-0.207746	-1.49243	0.89951				0.0227781	-1.74444	1.41093				0.0919833	-0.0899837	0.249313
367.6				-0.208057	-1.49237	0.898896				0.0223017	-1.74658	1.41181				0.0920413	-0.0901305	0.249555
367.7				-0.208367	-1.4923	0.898287				0.0218244	-1.74871	1.41268				0.0920983	-0.0902775	0.249794
367.8				-0.208675	-1.49222	0.897674				0.021346	-1.75081	1.41353				0.0921543	-0.0904227	0.25003
367.9				-0.208983	-1.49214	0.897052				0.0208668	-1.7529	1.41436				0.0922093	-0.0905671	0.250263
368				-0.209245	-1.49205	0.896433				0.0204454	-1.75497	1.41519				0.0922634	-0.0907107	0.250495
368.1				-0.20955	-1.49195	0.895811				0.0199643	-1.75703	1.416				0.092316	-0.0908536	0.250724
368.2				-0.209854	-1.49185	0.895186				0.019482	-1.75907	1.4168				0.0923682	-0.0909957	0.25095
368.3				-0.210157	-1.49175	0.894558				0.018999	-1.7611	1.41758				0.0924194	-0.091137	0.251174
368.4				-0.210458	-1.49163	0.893926				0.0185152	-1.76311	1.41835				0.0924697	-0.0912775	0.251396
368.5				-0.210759	-1.49151	0.893292				0.0180306	-1.7651	1.4191				0.0925191	-0.0914173	0.251615
368.6				-0.211058	-1.49139	0.892655				0.0175452	-1.76708	1.41984				0.0925675	-0.0915564	0.251832
368.7				-0.211356	-1.49126	0.892015				0.0170589	-1.76904	1.42057				0.092615	-0.0916946	0.252047
368.8				-0.211653	-1.49112	0.891372				0.0165718	-1.77099	1.42128				0.0926616	-0.0918322	0.252259
368.9				-0.211949	-1.49098	0.890726				0.0160838	-1.77292	1.42198				0.0927073	-0.091969	0.252469
369				-0.212244	-1.49083	0.890077				0.0155951	-1.77484	1.42266				0.0927521	-0.0921051	0.252676
369.1				-0.212537	-1.49068	0.889425				0.0151056	-1.77674	1.42334				0.092796	-0.0922403	0.252877
369.2				-0.21283	-1.49052	0.888771				0.0146153	-1.77862	1.42399				0.0928391	-0.0923749	0.253081
369.3				-0.213121	-1.49035	0.888114				0.0141243	-1.78049	1.42464				0.0928813	-0.0925088	0.253282
369.4				-0.213412	-1.49018	0.887454				0.0136326	-1.78234	1.42527				0.0929226	-0.0926419	0.25348
369.5				-0.213701	-1.49	0.886791				0.0131402	-1.78418	1.42589				0.092963	-0.0927744	0.253676
369.6				-0.213989	-1.48982	0.886126				0.0126471	-1.78601	1.4265				0.0930026	-0.0929061	0.25387
369.7				-0.214276	-1.48963	0.885459				0.0121533	-1.78782	1.42709				0.0930413	-0.093038	0.254062
369.8				-0.214561	-1.48944	0.884788				0.0116589	-1.78961	1.42767				0.0930792	-0.0931683	0.254252
369.9				-0.214846	-1.48924	0.884116				0.0111638	-1.79139	1.42823				0.0931162	-0.0932979	0.254439
370				-0.21513	-1.48903	0.883413				0.010668	-1.79315	1.42875				0.0931525	-0.0934268	0.254625
370.1				-0.215677	-1.48882	0.882736				0.00977775	-1.7949	1.4293				0.0931928	-0.093555	0.254805
370.2				-0.215958	-1.48861	0.882055				0.009281	-1.79664	1.42983				0.0932272	-0.0936826	0.254986
370.3				-0.216237	-1.48839	0.881373				0.00878401	-1.79836	1.43034				0.093261	-0.0938094	0.255165
370.4				-0.216516	-1.48816	0.880688				0.00828609	-1.80007	1.43085				0.0932939	-0.0939355	0.255342
370.5				-0.216794	-1.48793	0.880001				0.0077876	-1.80176	1.43134				0.0933261	-0.094061	0.255517
370.6				-0.21707	-1.4877	0.879311				0.00728856	-1.80344	1.43182				0.0933574	-0.0941858	0.25569
370.7				-0.217346	-1.48746	0.87862				0.00678922	-1.80511	1.43229				0.093388	-0.09431	0.255861
370.8				-0.21762	-1.48721	0.877925				0.00628914	-1.80676	1.43275				0.0934178	-0.0944334	0.256029
370.9				-0.217894	-1.48696	0.877229				0.00578852	-1.8084	1.43319				0.0934468	-0.0945562	0.256196
371				-0.218174	-1.48671	0.876531				0.00527633	-1.81002	1.43363				0.0934751	-0.0946784	0.25636
371.1				-0.218446	-1.48645	0.87583				0.00477476	-1.81163	1.43405				0.0935025	-0.0947999	0.256523
371.2				-0.218716	-1.48618	0.875127				0.00427272	-1.81323	1.43446				0.0935294	-0.0949207	0.256684
371.3				-0.218985	-1.48591	0.87441				0.00377018	-1.81481	1.43484				0.0935553	-0.0950409	0.256843
371.4				-0.219253	-1.48564	0.873703				0.00326721	-1.81638	1.43523				0.0935805	-0.0951604	0.256999
371.5				-0.21952	-1.48536	0.872993				0.00276381	-1.81793	1.43561				0.093605	-0.0952793	0.257154
371.6				-0.219786	-1.48507	0.872282				0.00225998	-1.81948	1.43597				0.0936287	-0.0953973	0.257307
371.7				-0.22005	-1.48478	0.871569				0.00175574	-1.82101	1.43633				0.0936517	-0.0955149	0.257458
371.8				-0.220314	-1.48449	0.870853				0.0012511	-1.82252	1.43667				0.093674	-0.0956319	0.257607
371.9				-0.220577	-1.48419	0.870136				0.000746056	-1.82403	1.437				0.0936955	-0.0957482	0.257754
372				-0.220839	-1.48389	0.869417				0.00024063	-1.82552	1.43732				0.0937163	-0.0958632	0.2579
372.1				-0.221099	-1.48358	0.868695				-0.000265172	-1.827	1.43763				0.0937364	-0.0959783	0.258043
372.2				-0.221359	-1.48327	0.867972				-0.000771327	-1.82846	1.43793				0.0937558	-0.0960928	0.25823
372.3				-0.221618	-1.48295	0.867238				-0.00127783	-1.82992	1.43821				0.0937745	-0.0962066	0.25837
372.4				-0.221875	-1.48263	0.866511				-0.00178467	-1.83136	1.43849				0.0937925	-0.0963199	0.258506
372.5				-0.222132	-1.48231	0.865783				-0.0022919	-1.83278	1.43876				0.0938099	-0.0964325	0.258642
372.6				-0.222387	-1.48198	0.865052				-0.00279939	-1.8342	1.43902				0.0938266	-0.0965446	0.258776
372.7				-0.222642	-1.48164	0.86432				-0.0033071	-1.8356	1.43926				0.0938426	-0.096656	0.258909
372.8				-0.222895	-1.4813	0.863586				-0.00381519	-1.83699	1.4395				0.0938578	-0.0967668	0.25904
372.9				-0.223148	-1.48096	0.86285				-0.00432357	-1.83837	1.43973				0.0938724	-0.096877	0.259169
373				-0.223399	-1.48062	0.862075				-0.00483222	-1.83973	1.43989				0.0938863	-0.0969867	0.259301
373.1				-0.22365	-1.48026	0.861336				-0.00534113	-1.84109	1.4401				0.0938996	-0.0970957	0.259426
373.2				-0.223899	-1.47991	0.860596				-0.00585029	-1.84243	1.4403				0.0939122	-0.0972041	0.25955
373.3				-0.224148	-1.47955	0.859853				-0.00635937	-1.84376	1.44049				0.0939242	-0.0973119	0.259672
373.4				-0.224395	-1.47919	0.85911				-0.00686902	-1.84508	1.44066				0.0939355	-0.0974191	0.259792
373.5				-0.224641	-1.47882	0.858364				-0.00737876	-1.84638	1.44083				0.0939462	-0.0975258	0.259911
373.6				-0.224887	-1.47845	0.857617				-0.00788885	-1.84768	1.44099				0.0939562	-0.0976319	0.260028
373.7				-0.225131	-1.47807	0.856868				-0.00839915	-1.84896	1.44114				0.0939656	-0.0977374	0.260143
373.8				-0.225375	-1.47769	0.856118				-0.00890964	-1.85023	1.44128				0.0939743	-0.0978423	0.260257
373.9				-0.225617	-1.47731	0.855366				-0.00942014	-1.85149	1.44141				0.0939824	-0.0979467	0.260369
374				-0.225859	-1.47692	0.854613				-0.00993099	-1.85274	1.44153				0.0939899	-0.0980505	0.260479
374.1				-0.226099	-1.47653	0.853858				-0.010442	-1.85397	1.44164				0.0939968	-0.0981538	0.260587
374.2				-0.226339	-1.47614	0.853086				-0.0109531	-1.8552	1.44172				0.0940031	-0.0982564	0.260694
374.3				-0.226577	-1.47574	0.852328				-0.0114644	-1.85641	1.44181				0.0940088	-0.0983586	0.2608
374.4				-0.226815	-1.47534	0.851569				-0.0119759	-1.85761	1.44189				0.0940138	-0.0984601	0.260903
374.5				-0.227052	-1.47493	0.850808				-0.0124875	-1.8588	1.44197				0.0940183	-0.0985611	0.261006
374.6				-0.227287	-1.47452	0.850046				-0.0129992	-1.85998	1.44203				0.0940222	-0.0986616	0.261106
374.7				-0.227522	-1.47411	0.849283				-0.0135111	-1.86115	1.44209				0.0940254	-0.0987615	0.261205
374.8				-0.227756	-1.47369	0.848518				-0.014023	-1.86231	1.44214				0.0940282	-0.0988608	0.261304
374.9				-0.227988	-1.47327	0.847752				-0.014535	-1.86346	1.44218				0.0940303	-0.0989596	0.261399
375				-0.22822	-1.47285	0.846943				-0.015047	-1.86459	1.44215				0.0940318	-0.0990579	0.261494
375.1				-0.228451	-1.47242	0.846175				-0.0155592	-1.86572	1.44217				0.0940327	-0.0991556	0.261586
375.2				-0.228681	-1.47199	0.845405				-0.0160715	-1.86683	1.44218				0.0940331	-0.0992528	0.261678
375.3				-0.22891	-1.47155	0.844635				-0.0165838	-1.86794	1.44219				0.0940329	-0.0993495	0.261768
375.4				-0.229138	-1.47111	0.843863				-0.0170962	-1.86903	1.44218				0.0940322	-0.0994456	0.261856
375.5				-0.229365	-1.47067	0.843089				-0.0176086	-1.87011	1.44217				0.0940309	-0.0995412	0.261942
375.6				-0.229591	-1.47022	0.842315				-0.0181211	-1.87118	1.44215				0.094029	-0.0996363	0.262028
375.7				-0.229816	-1.46976	0.841539				-0.0186336	-1.87223	1.44212				0.0940267	-0.0997308	0.262112
375.8				-0.230041	-1.46931	0.840762				-0.0191464	-1.87328	1.44208				0.0940238	-0.0998249	0.262194
375.9				-0.230264	-1.46885	0.839984				-0.019659	-1.87432	1.44204				0.0940202	-0.0999184	0.262275
376				-0.230498	-1.4684	0.83918				-0.0201887	-1.87535	1.44195				0.0940162	-0.100011	0.262354
376.1				-0.23072	-1.46793	0.838387				-0.0207016	-1.87637	1.44187				0.0940116	-0.100104	0.262432
376.2				-0.23094	-1.46747	0.837588				-0.0212141	-1.87738	1.44177				0.0940065	-0.100196	0.262508
376.3				-0.23116	-1.467	0.836805				-0.0217265	-1.87838	1.4417				0.0940008	-0.100287	0.262583
376.4				-0.231378	-1.46653	0.836022				-0.0222391	-1.87937	1.44161				0.0939946	-0.100378	0.262657
376.5				-0.231596	-1.46605	0.835237				-0.0227514	-1.88035	1.44152				0.0939879	-0.100469	0.262729
376.6				-0.231813	-1.46557	0.834452				-0.0232638	-1.88132	1.44141				0.0939807	-0.100559	0.2628
376.7				-0.232029	-1.46509	0.833665				-0.0237761	-1.88228	1.44131				0.093973	-0.100648	0.262869
376.8				-0.232244	-1.4646	0.832878				-0.0242883	-1.88323	1.44119				0.0939647	-0.100737	0.262937
376.9				-0.232458	-1.46412	0.832089				-0.0248005	-1.88417	1.44106				0.093956	-0.100825	0.263004
377				-0.232671	-1.46362	0.8313				-0.0253125	-1.8851	1.44093				0.0939467	-0.100913	0.263069
377.1				-0.232883	-1.46313	0.830509				-0.0258245	-1.88602	1.44079				0.093937	-0.101001	0.263133
377.2				-0.233094	-1.46263	0.829707				-0.0263365	-1.88693	1.44063				0.0939268	-0.101088	0.263195
377.3				-0.233305	-1.46213	0.828914				-0.0268483	-1.88784	1.44048				0.093916	-0.101174	0.263256
377.4				-0.233514	-1.46163	0.828121				-0.0273603	-1.88873	1.44032				0.0939048	-0.10126	0.263316
377.5				-0.233723	-1.46112	0.827327				-0.0278719	-1.88961	1.44015				0.0938931	-0.101346	0.263375
377.6				-0.233931	-1.46061	0.826532				-0.0283834	-1.89048	1.43997				0.0938809	-0.10143	0.263432
377.7				-0.234137	-1.4601	0.825736				-0.0288948	-1.89135	1.43979				0.0938682	-0.101515	0.263488
377.8				-0.234343	-1.45959	0.824939				-0.0294056	-1.8922	1.4396				0.093855	-0.101599	0.263542
377.9				-0.234548	-1.45907	0.824141				-0.0299168	-1.89305	1.4394				0.0938414	-0.101683	0.263596
378				-0.234752	-1.45855	0.823343				-0.0304278	-1.89388	1.43919				0.0938273	-0.101766	0.263648
378.1				-0.234956	-1.45802	0.82284				-0.0309387	-1.89471	1.43942				0.0938127	-0.101849	0.263698
378.2				-0.235158	-1.45749	0.822038				-0.0314494	-1.89553	1.4392				0.0937977	-0.101931	0.263748
378.3				-0.23536	-1.45697	0.821235				-0.03196	-1.89634	1.43897				0.0937822	-0.102012	0.263796
378.4				-0.23556	-1.45643	0.820431				-0.0324704	-1.89714	1.43874				0.0937662	-0.102094	0.263843
378.5				-0.23576	-1.4559	0.819627				-0.0329806	-1.89793	1.43849				0.0937498	-0.102175	0.263889
378.6				-0.235959	-1.45536	0.818822				-0.0334907	-1.89871	1.43824				0.093733	-0.102255	0.263933
378.7				-0.236157	-1.45482	0.818016				-0.0340006	-1.89948	1.43799				0.0937157	-0.102335	0.263976
378.8				-0.236354	-1.45428	0.817209				-0.0345103	-1.90024	1.43773				0.0936979	-0.102414	0.264018
378.9				-0.23655	-1.45373	0.816402				-0.0350198	-1.901	1.43746				0.0936797	-0.102493	0.264059
379				-0.236746	-1.45318	0.815594				-0.0355292	-1.90175	1.43718				0.0936611	-0.102572	0.264099
379.1				-0.23694	-1.45263	0.814768				-0.0360383	-1.90248	1.43688				0.0936421	-0.10265	0.264137
379.2				-0.237134	-1.45207	0.813959				-0.0365472	-1.90321	1.43659				0.0936226	-0.102727	0.264174
379.3				-0.237327	-1.45152	0.813277				-0.0370556	-1.90393	1.43649				0.0936026	-0.102805	0.26421
379.4				-0.237519	-1.45096	0.812467				-0.0375641	-1.90464	1.43619				0.0935823	-0.102881	0.264245
379.5				-0.23771	-1.4504	0.811656				-0.0380723	-1.90535	1.43588				0.0935615	-0.102958	0.264278
379.6				-0.2379	-1.44983	0.810844				-0.0385803	-1.90604	1.43557				0.0935406	-0.103033	0.264311
379.7				-0.23809	-1.44927	0.810032				-0.039088	-1.90673	1.43525				0.093519	-0.103109	0.264342
379.8				-0.238278	-1.4487	0.80922				-0.0395955	-1.90741	1.43492				0.0934969	-0.103184	0.264372
379.9				-0.238466	-1.44812	0.808406				-0.0401028	-1.90807	1.43459				0.0934746	-0.103258	0.264401
380				-0.238653	-1.44755	0.807592				-0.0406098	-1.90874	1.43425				0.0934517	-0.103333	0.264429
