# Compute m_ttbar distribution dxsection/dm_ttbar (pb/GeV) of PP > ttbar. Energy and mass in GeV, xsection in pb.
# Parameters: alphaS(ScaleR) = 0.107655, m_t = 172.5, PDFset = NNPDF31_nnlo_as_0118_notop, PDFmember = 0, ScaleF = 172.5, ScaleR = 172.5, sqrt(s_hadron) = 13000, MZ = 91.2, vev = 246.22, RelativeError = 0.01, DynamicScalingChoice = 0, ScaleUncertainty = (0.5,2)
# m_ttbar (GeV) 				 gg > singlet 	 [lower , 	 upper] 				 gg > octet 	 [lower , 	 upper] 				 qq > octet 	 [lower , 	 upper]
335				0.0106232	-0.0821908	0.0885201				0.014326	-0.116062	0.115954				0.00749057	-0.00515721	0.0183243
335.1				0.0106515	-0.0826759	0.0889859				0.0143245	-0.116428	0.116237				0.00750926	-0.00517622	0.0183753
335.2				0.0106807	-0.0831703	0.0894612				0.0143233	-0.116801	0.116525				0.00752831	-0.0051955	0.0184273
335.3				0.0107107	-0.0836743	0.0899461				0.0143227	-0.117179	0.116819				0.00754772	-0.00521508	0.0184801
335.4				0.0107416	-0.0841881	0.0904411				0.0143226	-0.117564	0.117119				0.0075675	-0.00523495	0.0185339
335.5				0.0107734	-0.0847121	0.0909464				0.014323	-0.117955	0.117425				0.00758767	-0.00525512	0.0185887
335.6				0.0108062	-0.0852466	0.0914623				0.0143239	-0.118352	0.117736				0.00760807	-0.0052756	0.0186445
335.7				0.0108399	-0.0857918	0.0919892				0.0143254	-0.118757	0.118054				0.00762903	-0.00529641	0.0187013
335.8				0.0108745	-0.0863481	0.0925272				0.0143275	-0.119168	0.118378				0.00765041	-0.00531754	0.0187591
335.9				0.0109102	-0.0869158	0.0930769				0.0143301	-0.119586	0.118709				0.00767221	-0.005339	0.018818
336				0.010947	-0.0874953	0.0936385				0.0143333	-0.120012	0.119047				0.00769467	-0.00536081	0.0188779
336.1				0.0109848	-0.088087	0.0942125				0.0143371	-0.120445	0.119391				0.00771734	-0.00538296	0.018939
336.2				0.0110237	-0.0886911	0.0947992				0.0143415	-0.120886	0.119742				0.00774047	-0.00540547	0.0190013
336.3				0.0110638	-0.0893082	0.095399				0.0143465	-0.121334	0.1201				0.00776407	-0.00542836	0.0190647
336.4				0.011105	-0.0899386	0.0960123				0.0143521	-0.121791	0.120466				0.00778804	-0.00545162	0.0191293
336.5				0.0111475	-0.0905828	0.0966396				0.0143585	-0.122255	0.120839				0.0078126	-0.00547527	0.0191952
336.6				0.0111912	-0.0912413	0.0972813				0.0143655	-0.122728	0.12122				0.00783767	-0.00549932	0.0192623
336.7				0.0112363	-0.0919144	0.0979379				0.0143731	-0.12321	0.121609				0.00786325	-0.00552378	0.0193308
336.8				0.0112826	-0.0926027	0.0986098				0.0143815	-0.123701	0.122005				0.00788937	-0.00554867	0.0194006
336.9				0.0113304	-0.0933068	0.0992978				0.0143906	-0.124201	0.122411				0.00791604	-0.00557398	0.0194717
337				0.0113796	-0.0940271	0.100002				0.0144005	-0.124711	0.122825				0.00794326	-0.00559974	0.0195443
337.1				0.0114303	-0.0947642	0.100724				0.0144111	-0.12523	0.123248				0.00797106	-0.00562596	0.0196183
337.2				0.0114825	-0.0955187	0.101463				0.0144225	-0.125759	0.12368				0.00799946	-0.00565266	0.0196939
337.3				0.0115363	-0.0962913	0.102221				0.0144347	-0.126298	0.124121				0.00802847	-0.00567983	0.0197709
337.4				0.0115918	-0.0970825	0.102997				0.0144477	-0.126848	0.124572				0.0080581	-0.00570751	0.0198496
337.5				0.011649	-0.0978931	0.103794				0.0144616	-0.127409	0.125033				0.00808838	-0.0057357	0.01993
337.6				0.011708	-0.0987238	0.10461				0.0144764	-0.127981	0.125504				0.00811933	-0.00576439	0.020012
337.7				0.0117688	-0.0995754	0.105448				0.0144921	-0.128565	0.125986				0.00815097	-0.00579366	0.0200957
337.8				0.0118315	-0.100449	0.106307				0.0145087	-0.129161	0.126478				0.0081833	-0.00582349	0.0201812
337.9				0.0118961	-0.101344	0.10719				0.0145263	-0.129768	0.126982				0.00821638	-0.0058539	0.0202685
338				0.0119629	-0.102263	0.108096				0.0145449	-0.130389	0.127497				0.0082502	-0.0058849	0.0203577
338.1				0.0120318	-0.103207	0.109026				0.0145645	-0.131022	0.128024				0.00828479	-0.00591653	0.0204489
338.2				0.0121029	-0.104175	0.109983				0.0145851	-0.131669	0.128563				0.00832019	-0.00594879	0.0205421
338.3				0.0121763	-0.10517	0.110965				0.0146068	-0.13233	0.129115				0.0083576	-0.0059817	0.0206374
338.4				0.0122521	-0.106192	0.111976				0.0146296	-0.133005	0.12968				0.00839468	-0.0060153	0.0207348
338.5				0.0123304	-0.107243	0.113018				0.0146536	-0.133696	0.130261				0.00843264	-0.0060496	0.0208345
338.6				0.0124113	-0.108323	0.114088				0.0146788	-0.134401	0.130853				0.00847152	-0.00608463	0.0209364
338.7				0.012495	-0.109434	0.115189				0.0147052	-0.135123	0.13146				0.00851133	-0.0061204	0.0210408
338.8				0.0125815	-0.110578	0.116323				0.0147329	-0.13586	0.132082				0.00855213	-0.00615696	0.0211476
338.9				0.012671	-0.111755	0.117491				0.0147619	-0.136615	0.132719				0.00859393	-0.00619432	0.0212569
339				0.0127636	-0.112968	0.118695				0.0147922	-0.137388	0.133372				0.00863677	-0.00623251	0.0213689
339.1				0.0128594	-0.114218	0.119937				0.014824	-0.138179	0.134042				0.0086807	-0.00627157	0.0214836
339.2				0.0129587	-0.115506	0.121217				0.0148574	-0.138988	0.134729				0.00872576	-0.00631152	0.0216011
339.3				0.0130617	-0.116834	0.122539				0.0148925	-0.139818	0.135434				0.00877196	-0.0063524	0.0217215
339.4				0.0131682	-0.118205	0.123903				0.0149288	-0.140668	0.136157				0.00881939	-0.00639424	0.0218451
339.5				0.0132786	-0.119621	0.125313				0.0149668	-0.141538	0.136899				0.00886807	-0.00643709	0.0219717
339.6				0.013393	-0.121083	0.12677				0.0150065	-0.142431	0.137661				0.00891805	-0.00648097	0.0221017
339.7				0.0135118	-0.122593	0.128276				0.0150479	-0.143347	0.138445				0.00896939	-0.00652594	0.0222351
339.8				0.0136351	-0.124156	0.129835				0.0150912	-0.144287	0.139249				0.00902214	-0.00657203	0.022372
339.9				0.0137631	-0.125772	0.131448				0.0151364	-0.145251	0.140076				0.00907637	-0.0066193	0.0225126
340				0.0138961	-0.127445	0.133119				0.0151836	-0.146242	0.140926				0.00913211	-0.00666778	0.022657
340.1				0.0140344	-0.129178	0.134851				0.0152328	-0.147259	0.141801				0.00918944	-0.00671753	0.0228055
340.2				0.0141782	-0.130974	0.136647				0.0152842	-0.148304	0.1427				0.00924845	-0.00676861	0.0229581
340.3				0.0143279	-0.132837	0.138511				0.0153379	-0.149378	0.143627				0.00930917	-0.00682107	0.0231151
340.4				0.0144837	-0.134771	0.140446				0.0153938	-0.150483	0.144581				0.00937169	-0.00687497	0.0232766
340.5				0.014646	-0.136779	0.142457				0.0154523	-0.15162	0.145564				0.00943611	-0.00693038	0.0234429
340.6				0.0148153	-0.138866	0.144549				0.0155133	-0.15279	0.146577				0.00950249	-0.00698737	0.0236142
340.7				0.0149919	-0.141036	0.146725				0.015577	-0.153996	0.147622				0.00957095	-0.007046	0.0237906
340.8				0.0151763	-0.143296	0.148991				0.0156436	-0.155237	0.148699				0.00964156	-0.00710637	0.0239725
340.9				0.0153689	-0.145649	0.151352				0.015713	-0.156517	0.149811				0.00971444	-0.00716854	0.02416
341				0.0155703	-0.148102	0.153815				0.0157856	-0.157838	0.15096				0.00978969	-0.00723262	0.0243536
341.1				0.015781	-0.150662	0.156386				0.0158614	-0.1592	0.152146				0.00986743	-0.00729869	0.0245534
341.2				0.0160018	-0.153335	0.159072				0.0159408	-0.160607	0.153372				0.0099478	-0.00736685	0.0247598
341.3				0.016233	-0.156129	0.161881				0.0160236	-0.162061	0.154641				0.0100309	-0.00743722	0.0249731
341.4				0.0164755	-0.159053	0.164822				0.0161101	-0.163563	0.155953				0.0101169	-0.0075099	0.0251937
341.5				0.0167302	-0.162114	0.167902				0.0162008	-0.165117	0.157312				0.010206	-0.00758504	0.0254219
341.6				0.0169977	-0.165323	0.171132				0.0162955	-0.166726	0.15872				0.0102983	-0.00766275	0.0256583
341.7				0.0172791	-0.168691	0.174523				0.0163947	-0.168393	0.16018				0.010394	-0.00774318	0.0259031
341.8				0.0175753	-0.172229	0.178087				0.0164985	-0.17012	0.161694				0.0104933	-0.00782648	0.026157
341.9				0.0178875	-0.17595	0.181837				0.0166073	-0.171912	0.163267				0.0105964	-0.00791283	0.0264204
342				0.0182169	-0.179869	0.185787				0.0167213	-0.173772	0.1649				0.0107035	-0.0080024	0.0266939
342.1				0.0185647	-0.183999	0.189952				0.0168408	-0.175705	0.166598				0.0108148	-0.00809538	0.0269781
342.2				0.0189326	-0.188358	0.194347				0.0169663	-0.177714	0.168364				0.0109307	-0.008192	0.0272736
342.3				0.019322	-0.192966	0.198996				0.017098	-0.179805	0.170204				0.0110514	-0.00829247	0.0275812
342.4				0.0197347	-0.197841	0.203917				0.0172364	-0.181982	0.172122				0.0111773	-0.00839704	0.0279016
342.5				0.0201727	-0.203007	0.209133				0.0173819	-0.184253	0.174123				0.0113086	-0.00850598	0.0282356
342.6				0.0206381	-0.208488	0.21467				0.017535	-0.186622	0.176213				0.0114457	-0.0086196	0.0285842
342.7				0.0211332	-0.214312	0.220554				0.0176962	-0.189097	0.178397				0.011589	-0.00873819	0.0289483
342.8				0.021661	-0.220508	0.226815				0.0178664	-0.191685	0.180681				0.0117389	-0.00886213	0.0293291
342.9				0.0222235	-0.22711	0.233488				0.0180455	-0.194394	0.183074				0.011896	-0.00899178	0.0297276
343				0.0228242	-0.234155	0.240613				0.0182345	-0.197233	0.185585				0.0120607	-0.00912756	0.0301453
343.1				0.0234666	-0.241682	0.248224				0.0184343	-0.200212	0.188218				0.0122337	-0.00926995	0.0305835
343.2				0.0241543	-0.249735	0.256367				0.0186456	-0.203341	0.190985				0.0124154	-0.00941943	0.0310437
343.3				0.0248913	-0.258361	0.265092				0.0188694	-0.206632	0.193897				0.0126067	-0.00957658	0.0315278
343.4				0.025682	-0.267613	0.274451				0.0191065	-0.210099	0.196964				0.0128083	-0.009742	0.0320375
343.5				0.0265309	-0.277546	0.284499				0.0193582	-0.213755	0.2002				0.0130211	-0.00991637	0.0325751
343.6				0.027443	-0.288219	0.295298				0.0196256	-0.217617	0.20362				0.0132459	-0.0101005	0.0331428
343.7				0.0284231	-0.299693	0.306906				0.01991	-0.221703	0.207238				0.0134838	-0.0102951	0.0337432
343.8				0.0294759	-0.312032	0.319386				0.0202126	-0.226031	0.21107				0.013736	-0.0105012	0.0343793
343.9				0.0306075	-0.3253	0.332807				0.0205359	-0.230624	0.21514				0.0140038	-0.0107198	0.0350541
344				0.0318219	-0.339556	0.347225				0.0208812	-0.235505	0.219467				0.0142885	-0.010952	0.0357713
344.1				0.033123	-0.354855	0.362695				0.0212507	-0.240702	0.224075				0.0145917	-0.0111991	0.036535
344.2				0.0345137	-0.371239	0.379257				0.0216465	-0.246244	0.228992				0.0149153	-0.0114625	0.0373493
344.3				0.0359953	-0.388735	0.396937				0.0220712	-0.252162	0.234245				0.015261	-0.0117436	0.0382194
344.4				0.0375666	-0.407345	0.415735				0.0225273	-0.258491	0.239868				0.0156309	-0.0120442	0.0391502
344.5				0.0392271	-0.427045	0.435622				0.0230193	-0.265266	0.245893				0.0160272	-0.0123659	0.0401473
344.6				0.0409637	-0.447771	0.456531				0.0235463	-0.272524	0.252355				0.016452	-0.0127103	0.0412165
344.7				0.042769	-0.469421	0.478355				0.0241129	-0.280301	0.259287				0.0169076	-0.0130794	0.0423633
344.8				0.0446288	-0.491854	0.500945				0.0247213	-0.288629	0.266721				0.0173959	-0.0134744	0.0435928
344.9				0.0465259	-0.514887	0.524115				0.0253733	-0.297534	0.274682				0.0179185	-0.0138969	0.0449094
345				0.0484407	-0.53831	0.547651				0.0260699	-0.307035	0.283191				0.0184764	-0.0143475	0.0463162
345.1				0.0503521	-0.561894	0.571319				0.0268113	-0.317137	0.292255				0.0190702	-0.0148267	0.0478143
345.2				0.0522392	-0.585407	0.594875				0.0275961	-0.327834	0.301866				0.0196994	-0.0153342	0.0494032
345.3				0.0540823	-0.608628	0.618077				0.0284223	-0.339105	0.311999				0.0203627	-0.015869	0.0510799
345.4				0.0558645	-0.63136	0.640754				0.0292864	-0.350917	0.322636				0.0210582	-0.0164296	0.0528395
345.5				0.0575718	-0.65344	0.662729				0.0301841	-0.363223	0.33373				0.021783	-0.0170139	0.0546752
345.6				0.0591939	-0.67474	0.683876				0.0311104	-0.37597	0.345231				0.0225338	-0.0176194	0.0565789
345.7				0.0607235	-0.695174	0.704108				0.0320597	-0.389098	0.357083				0.0233071	-0.0182434	0.0585415
345.8				0.0621582	-0.714688	0.723373				0.033027	-0.402546	0.369229				0.0240991	-0.0188829	0.0605535
345.9				0.0634965	-0.73326	0.74165				0.0340067	-0.416252	0.381611				0.0249061	-0.0195352	0.0626056
346				0.0647397	-0.750891	0.758981				0.0349937	-0.430157	0.394192				0.0257244	-0.0201974	0.0646887
346.1				0.0658905	-0.767601	0.775317				0.0359832	-0.444208	0.406883				0.0265508	-0.020867	0.0667944
346.2				0.066953	-0.783424	0.790727				0.0369712	-0.458354	0.419658				0.0273823	-0.0215419	0.068915
346.3				0.0679317	-0.7984	0.805262				0.037954	-0.472553	0.432475				0.0282161	-0.0222197	0.0710438
346.4				0.0688314	-0.812575	0.818961				0.0389283	-0.486765	0.445295				0.0290501	-0.0228989	0.0731922
346.5				0.0696573	-0.825999	0.83188				0.0398917	-0.500959	0.458088				0.0298821	-0.0235778	0.0753221
346.6				0.0704144	-0.83872	0.844068				0.0408417	-0.515105	0.470826				0.0307104	-0.0242551	0.0774479
346.7				0.0711074	-0.850787	0.855988				0.0417766	-0.529181	0.483721				0.0315338	-0.0249297	0.07956
346.8				0.071741	-0.862244	0.866902				0.0426949	-0.543168	0.496313				0.0323509	-0.0256008	0.0816331
346.9				0.0723195	-0.873137	0.877231				0.0435955	-0.557049	0.508798				0.0331609	-0.0262674	0.0837129
347				0.0728469	-0.883504	0.887018				0.0444774	-0.570812	0.521162				0.0339629	-0.0269291	0.0857698
347.1				0.0733271	-0.893385	0.895766				0.04534	-0.584446	0.533077				0.0347564	-0.0275854	0.0878106
347.2				0.0737632	-0.902815	0.904552				0.0461827	-0.597943	0.54515				0.0355408	-0.0282358	0.0898301
347.3				0.0741584	-0.911824	0.912904				0.0470052	-0.611298	0.557079				0.0363158	-0.02888	0.0918273
347.4				0.0745157	-0.920443	0.920854				0.0478074	-0.624505	0.56886				0.0370811	-0.0295178	0.0938013
347.5				0.0748378	-0.928699	0.928429				0.048589	-0.637561	0.580489				0.0378366	-0.0301491	0.0957517
347.6				0.0751269	-0.936617	0.935655				0.0493501	-0.650463	0.591965				0.038582	-0.0307737	0.0976781
347.7				0.0753854	-0.944219	0.942556				0.0500908	-0.663212	0.603286				0.0393174	-0.0313916	0.0995803
347.8				0.0756152	-0.951526	0.949151				0.0508112	-0.675805	0.614451				0.0400427	-0.0320027	0.101458
347.9				0.0758183	-0.958558	0.955464				0.0515114	-0.688243	0.625462				0.040758	-0.032607	0.103312
348				0.0759961	-0.965331	0.961511				0.0521917	-0.700527	0.636319				0.0414632	-0.0332045	0.105141
348.1				0.0761504	-0.971861	0.967309				0.0528523	-0.712658	0.647023				0.0421585	-0.0337953	0.106946
348.2				0.0762825	-0.978164	0.972795				0.0534935	-0.724636	0.657523				0.0428439	-0.0343795	0.108728
348.3				0.0763935	-0.984253	0.978137				0.0541154	-0.736464	0.667924				0.0435195	-0.034957	0.110485
348.4				0.0764851	-0.99014	0.983271				0.0547185	-0.748144	0.678176				0.0441855	-0.035528	0.11222
348.5				0.0765582	-0.995835	0.98821				0.0553031	-0.759677	0.688282				0.044842	-0.0360925	0.113931
348.6				0.0766136	-1.00135	0.992963				0.0558695	-0.771065	0.698244				0.0454892	-0.0366506	0.11562
348.7				0.0766526	-1.0067	0.997542				0.056418	-0.782311	0.708063				0.0461271	-0.0372025	0.117286
348.8				0.0766757	-1.01188	1.00199				0.0569489	-0.793417	0.717769				0.046756	-0.0377482	0.11893
348.9				0.076684	-1.01691	1.00625				0.0574625	-0.804385	0.727311				0.047376	-0.0382878	0.120552
349				0.0766781	-1.0218	1.01035				0.0579591	-0.815217	0.736718				0.0479871	-0.0388214	0.122153
349.1				0.0766587	-1.02654	1.01432				0.0584391	-0.825917	0.745991				0.0485897	-0.0393493	0.123734
349.2				0.0766266	-1.03116	1.01815				0.0589028	-0.836485	0.755135				0.0491838	-0.0398713	0.125293
349.3				0.0765822	-1.03565	1.02185				0.0593504	-0.846926	0.76415				0.0497696	-0.0403877	0.126833
349.4				0.0765262	-1.04002	1.02542				0.0597824	-0.85724	0.773039				0.0503473	-0.0408985	0.128352
349.5				0.0764704	-1.04428	1.02888				0.0602078	-0.86743	0.781805				0.0509169	-0.0414038	0.129852
349.6				0.0763926	-1.04842	1.03223				0.0606093	-0.8775	0.79045				0.0514787	-0.0419038	0.131333
349.7				0.0763048	-1.05246	1.03547				0.060996	-0.88745	0.798975				0.0520328	-0.0423985	0.132795
349.8				0.0762072	-1.05641	1.03861				0.0613681	-0.897283	0.807383				0.0525793	-0.0428881	0.134238
349.9				0.0761003	-1.06025	1.04165				0.061726	-0.907002	0.815677				0.0531184	-0.0433726	0.135664
350				0.075983	-1.064	1.0446				0.0620687	-0.916608	0.823859				0.0536501	-0.0438522	0.137072
350.1				0.0758585	-1.06767	1.04746				0.0623988	-0.926103	0.831929				0.0541748	-0.0443269	0.138462
350.2				0.0757259	-1.07125	1.05023				0.0627155	-0.93549	0.839891				0.0546924	-0.0447968	0.139835
350.3				0.0755853	-1.07474	1.05291				0.0630189	-0.94477	0.847747				0.0552031	-0.0452619	0.141192
350.4				0.0754371	-1.07816	1.05551				0.0633094	-0.953945	0.855498				0.0557071	-0.0457226	0.142531
350.5				0.0752816	-1.0815	1.05804				0.0635871	-0.963018	0.863147				0.0562044	-0.0461786	0.143855
350.6				0.0751192	-1.08477	1.06049				0.0638525	-0.97199	0.870695				0.0566951	-0.0466303	0.145163
350.7				0.0749499	-1.08797	1.06298				0.0641055	-0.980863	0.878232				0.0571795	-0.0470775	0.146455
350.8				0.074774	-1.0911	1.06529				0.0643464	-0.989639	0.885585				0.0576576	-0.0475204	0.147732
350.9				0.0745918	-1.09416	1.06754				0.0645755	-0.998319	0.892842				0.0581294	-0.0479592	0.148993
351				0.0744035	-1.09716	1.06971				0.064793	-1.00691	0.900005				0.0585953	-0.0483938	0.15024
351.1				0.0742093	-1.1001	1.07183				0.0649991	-1.0154	0.907076				0.0590551	-0.0488243	0.151472
351.2				0.0740095	-1.10297	1.07388				0.065194	-1.0238	0.914057				0.0595091	-0.0492508	0.15269
351.3				0.0738042	-1.10579	1.07584				0.0653779	-1.03212	0.920915				0.0599573	-0.0496734	0.153891
351.4				0.0735935	-1.10855	1.07778				0.065551	-1.04034	0.927718				0.0603998	-0.0500921	0.155081
351.5				0.0733777	-1.11126	1.07966				0.0657135	-1.04849	0.934435				0.0608368	-0.0505071	0.156256
351.6				0.0731569	-1.11391	1.08153				0.0658655	-1.05654	0.941106				0.0612683	-0.0509183	0.157419
351.7				0.0729313	-1.11652	1.08331				0.0660073	-1.06452	0.947655				0.0616944	-0.0513259	0.158569
351.8				0.0727011	-1.11907	1.08504				0.066139	-1.07241	0.954123				0.0621152	-0.0517298	0.159706
351.9				0.0724661	-1.12157	1.08671				0.0662607	-1.08022	0.960505				0.0625308	-0.0521302	0.160831
352				0.072227	-1.12403	1.08834				0.0663727	-1.08795	0.966814				0.0629413	-0.0525272	0.161942
352.1				0.0719836	-1.12644	1.08992				0.0664752	-1.0956	0.973044				0.0633468	-0.0529206	0.163042
352.2				0.0717361	-1.12881	1.09146				0.0665683	-1.10318	0.979198				0.0637473	-0.0533108	0.164129
352.3				0.0714846	-1.13113	1.09295				0.0666522	-1.11068	0.985274				0.0641429	-0.0536975	0.165204
352.4				0.0712292	-1.13341	1.0944				0.0667269	-1.11811	0.991278				0.0645337	-0.054081	0.166268
352.5				0.0709701	-1.13565	1.09581				0.0667927	-1.12546	0.997209				0.0649198	-0.0544613	0.16732
352.6				0.0707073	-1.13785	1.09718				0.0668497	-1.13274	1.00307				0.0653012	-0.0548384	0.168361
352.7				0.070441	-1.14001	1.09851				0.066898	-1.13996	1.00886				0.065678	-0.0552124	0.169391
352.8				0.0701712	-1.14213	1.0998				0.0669378	-1.1471	1.01458				0.0660503	-0.0555832	0.170409
352.9				0.069898	-1.14421	1.10105				0.0669691	-1.15417	1.02022				0.0664182	-0.0559511	0.171417
353				0.0696216	-1.14625	1.10227				0.0669923	-1.16117	1.02581				0.0667817	-0.056316	0.172414
353.1				0.0693421	-1.14827	1.10345				0.0670073	-1.16811	1.03132				0.0671409	-0.0566779	0.1734
353.2				0.0690595	-1.15024	1.10459				0.0670144	-1.17498	1.03677				0.0674958	-0.0570369	0.174376
353.3				0.0687743	-1.15218	1.10571				0.067014	-1.18179	1.04216				0.0678465	-0.0573931	0.175342
353.4				0.0684858	-1.15409	1.10678				0.0670054	-1.18853	1.04748				0.0681931	-0.0577465	0.176298
353.5				0.0681944	-1.15596	1.10724				0.0669892	-1.19521	1.05218				0.0685356	-0.058097	0.177243
353.6				0.0679003	-1.15781	1.10826				0.0669655	-1.20183	1.05737				0.0688741	-0.0584448	0.178179
353.7				0.0676035	-1.15962	1.10924				0.0669345	-1.20839	1.06251				0.0692087	-0.05879	0.179106
353.8				0.0673041	-1.1614	1.11019				0.0668961	-1.21488	1.06758				0.0695393	-0.0591324	0.180022
353.9				0.0670022	-1.16315	1.11112				0.0668506	-1.22132	1.07259				0.0698661	-0.0594722	0.18093
354				0.0666978	-1.16487	1.11201				0.066798	-1.2277	1.07755				0.0701892	-0.0598095	0.181828
354.1				0.066391	-1.16657	1.11287				0.0667385	-1.23402	1.08244				0.0705084	-0.0601441	0.182717
354.2				0.0660819	-1.16823	1.11371				0.0666722	-1.24028	1.08728				0.070824	-0.0604762	0.183597
354.3				0.0657892	-1.16987	1.11452				0.066618	-1.24649	1.09207				0.0711358	-0.0608059	0.184468
354.4				0.0654756	-1.17148	1.1153				0.0665383	-1.25264	1.0968				0.0714442	-0.0611331	0.18533
354.5				0.0651598	-1.17306	1.11606				0.0664521	-1.25873	1.10147				0.071749	-0.0614578	0.186184
354.6				0.0648418	-1.17462	1.11679				0.0663594	-1.26477	1.10609				0.0720503	-0.0617802	0.187028
354.7				0.0645219	-1.17615	1.1175				0.0662604	-1.27076	1.11066				0.0723482	-0.0621002	0.187865
354.8				0.0641975	-1.17765	1.11818				0.0661526	-1.27669	1.11517				0.0726426	-0.0624178	0.188693
354.9				0.0638736	-1.17914	1.11884				0.0660411	-1.28258	1.11964				0.0729337	-0.0627332	0.189513
355				0.0635478	-1.18059	1.11947				0.0659236	-1.28841	1.12405				0.0732215	-0.0630462	0.190325
355.1				0.0632201	-1.18203	1.12008				0.0658001	-1.29419	1.12841				0.073506	-0.063357	0.191129
355.2				0.0628907	-1.18344	1.12067				0.0656706	-1.29992	1.13272				0.0737873	-0.0636656	0.191925
355.3				0.0625595	-1.18482	1.12123				0.0655354	-1.30559	1.13698				0.0740654	-0.063972	0.192713
355.4				0.0622265	-1.18619	1.12178				0.0653944	-1.31122	1.1412				0.0743403	-0.0642762	0.193493
355.5				0.0618919	-1.18753	1.1223				0.0652477	-1.31681	1.14536				0.0746121	-0.0645783	0.194266
355.6				0.0615557	-1.18885	1.1228				0.0650955	-1.32234	1.14948				0.0748808	-0.0648782	0.195031
355.7				0.0612179	-1.19015	1.12328				0.0649378	-1.32783	1.15355				0.0751465	-0.065176	0.195789
355.8				0.0608786	-1.19143	1.12374				0.0647747	-1.33327	1.15758				0.0754092	-0.0654718	0.196539
355.9				0.0605377	-1.19269	1.12418				0.0646062	-1.33866	1.16156				0.075669	-0.0657655	0.197282
356				0.0601953	-1.19393	1.1246				0.0644324	-1.34401	1.16549				0.0759257	-0.0660572	0.198018
356.1				0.0598518	-1.19514	1.125				0.0642537	-1.34931	1.16938				0.0761796	-0.0663469	0.198747
356.2				0.0595067	-1.19634	1.12538				0.0640697	-1.35457	1.17322				0.0764307	-0.0666346	0.199469
356.3				0.0591602	-1.19752	1.12574				0.0638806	-1.35978	1.17703				0.0766789	-0.0669204	0.200183
356.4				0.0588124	-1.19868	1.12609				0.0636865	-1.36495	1.18079				0.0769243	-0.0672042	0.200891
356.5				0.0584633	-1.19982	1.12641				0.0634875	-1.37008	1.1845				0.077167	-0.0674861	0.201592
356.6				0.0581129	-1.20094	1.12672				0.0632837	-1.37516	1.18818				0.0774069	-0.0677661	0.202286
356.7				0.0577614	-1.20204	1.12701				0.0630751	-1.3802	1.19181				0.0776442	-0.0680442	0.202974
356.8				0.0574086	-1.20313	1.12729				0.0628618	-1.3852	1.1954				0.0778787	-0.0683204	0.203655
356.9				0.0570547	-1.2042	1.12754				0.0626439	-1.39016	1.19895				0.0781106	-0.0685949	0.20433
357				0.0566999	-1.20525	1.12778				0.0624216	-1.39507	1.20246				0.0783399	-0.0688675	0.204999
357.1				0.0563437	-1.20628	1.128				0.0621946	-1.39995	1.20592				0.0785667	-0.0691383	0.205661
357.2				0.0559865	-1.2073	1.12821				0.061963	-1.40479	1.20936				0.0787909	-0.0694073	0.206317
357.3				0.0556282	-1.2083	1.1284				0.0617271	-1.40958	1.21275				0.0790125	-0.0696746	0.206966
357.4				0.0552692	-1.20928	1.12858				0.0614871	-1.41434	1.2161				0.0792317	-0.0699401	0.20761
357.5				0.0549089	-1.21025	1.12874				0.0612426	-1.41906	1.21942				0.0794484	-0.0702039	0.208247
357.6				0.0545477	-1.2112	1.12888				0.0609939	-1.42374	1.2227				0.0796626	-0.070466	0.208878
357.7				0.0541856	-1.21213	1.12901				0.060741	-1.42839	1.22594				0.0798745	-0.0707264	0.209504
357.8				0.0538225	-1.21305	1.12913				0.0604841	-1.43299	1.22915				0.080084	-0.0709851	0.210124
357.9				0.0534586	-1.21396	1.12923				0.060223	-1.43756	1.23231				0.0802911	-0.0712425	0.210737
358				0.0530938	-1.21484	1.12932				0.059958	-1.44209	1.23545				0.0804958	-0.0714979	0.211345
358.1				0.0527282	-1.21572	1.1294				0.059689	-1.44658	1.23855				0.0806983	-0.0717517	0.211948
358.2				0.0523618	-1.21658	1.12946				0.0594162	-1.45104	1.24161				0.0808984	-0.0720039	0.212544
358.3				0.0519946	-1.21742	1.1295				0.0591395	-1.45546	1.24463				0.0810963	-0.0722545	0.213136
358.4				0.0516267	-1.21825	1.12953				0.0588591	-1.45985	1.24763				0.081292	-0.0725036	0.213721
358.5				0.051258	-1.21907	1.12956				0.0585749	-1.4642	1.25058				0.0814854	-0.072751	0.214301
358.6				0.0509174	-1.21987	1.12956				0.05832	-1.46852	1.25351				0.0816764	-0.0729969	0.214876
358.7				0.0505472	-1.22066	1.12956				0.0580286	-1.4728	1.2564				0.0818655	-0.0732413	0.215445
358.8				0.0501764	-1.22143	1.12954				0.0577335	-1.47705	1.25926				0.0820524	-0.0734841	0.21601
358.9				0.0498045	-1.2222	1.12951				0.0574345	-1.48127	1.26209				0.0822372	-0.0737255	0.216568
359				0.0494324	-1.22295	1.12947				0.0571324	-1.48545	1.26488				0.0824199	-0.0739654	0.217122
359.1				0.0490596	-1.22368	1.12942				0.0568269	-1.4896	1.26764				0.0826005	-0.0742038	0.217671
359.2				0.0486863	-1.2244	1.12935				0.0565179	-1.49371	1.27037				0.0827791	-0.0744407	0.218214
359.3				0.0483124	-1.22511	1.12927				0.0562057	-1.49779	1.27307				0.0829556	-0.0746761	0.218752
359.4				0.0479379	-1.22581	1.12919				0.0558901	-1.50185	1.27574				0.0831301	-0.0749101	0.219286
359.5				0.0475627	-1.2265	1.12909				0.0555711	-1.50587	1.27838				0.0833026	-0.0751427	0.219814
359.6				0.0471872	-1.22717	1.12897				0.055249	-1.50985	1.28099				0.0834731	-0.0753738	0.220337
359.7				0.0468111	-1.22783	1.12885				0.0549237	-1.51381	1.28356				0.0836416	-0.0756036	0.220856
359.8				0.0464349	-1.22848	1.12872				0.0545958	-1.51774	1.28611				0.0838082	-0.075832	0.22137
359.9				0.0460579	-1.22911	1.12857				0.0542643	-1.52163	1.28863				0.0839729	-0.0760589	0.221879
360				0.0456804	-1.22974	1.12842				0.0539298	-1.5255	1.29111				0.0841357	-0.0762845	0.222383
360.1				0.0452988	-1.23035	1.12826				0.0535879	-1.52933	1.29357				0.0842965	-0.0765088	0.222883
360.2				0.0449205	-1.23095	1.12808				0.0532474	-1.53313	1.296				0.0844555	-0.0767317	0.223378
360.3				0.0445418	-1.23154	1.12789				0.052904	-1.53691	1.29841				0.0846127	-0.0769533	0.223868
360.4				0.0441627	-1.23212	1.1277				0.0525577	-1.54065	1.30078				0.084768	-0.0771736	0.224354
360.5				0.0437832	-1.23269	1.12749				0.0522086	-1.54437	1.30313				0.0849215	-0.0773925	0.224835
360.6				0.0434033	-1.23325	1.12728				0.0518566	-1.54806	1.30544				0.0850732	-0.0776102	0.22531
360.7				0.0430232	-1.23379	1.12705				0.0515019	-1.55172	1.30773				0.0852231	-0.0778265	0.225783
360.8				0.0426426	-1.23433	1.12682				0.0511444	-1.55535	1.31				0.0853713	-0.0780417	0.226251
360.9				0.0422622	-1.23485	1.12658				0.0507847	-1.55895	1.31223				0.0855177	-0.0782555	0.226714
361				0.041881	-1.23537	1.12632				0.0504219	-1.56252	1.31445				0.0856624	-0.0784681	0.227174
361.1				0.0414996	-1.23587	1.12606				0.0500564	-1.56607	1.31663				0.0858053	-0.0786794	0.227629
361.2				0.0411179	-1.23637	1.12579				0.0496883	-1.56959	1.31879				0.0859466	-0.0788894	0.22808
361.3				0.0407359	-1.23685	1.12551				0.0493177	-1.57308	1.32092				0.0860861	-0.0790983	0.228527
361.4				0.0403537	-1.23732	1.12522				0.0489445	-1.57655	1.32303				0.0862241	-0.0793059	0.228968
361.5				0.0399713	-1.23779	1.12492				0.0485689	-1.57998	1.32511				0.0863603	-0.0795123	0.229407
361.6				0.0395886	-1.23824	1.12462				0.0481908	-1.5834	1.32716				0.0864949	-0.0797175	0.229841
361.7				0.0392057	-1.23869	1.1243				0.0478103	-1.58678	1.32919				0.0866279	-0.0799216	0.230271
361.8				0.0388226	-1.23912	1.12398				0.0474274	-1.59014	1.3312				0.0867593	-0.0801244	0.230698
361.9				0.0384393	-1.23955	1.12364				0.0470421	-1.59348	1.33317				0.086889	-0.0803261	0.23112
362				0.0380559	-1.23996	1.1233				0.0466545	-1.59678	1.33512				0.0870172	-0.0805266	0.231538
362.1				0.0376723	-1.24037	1.12295				0.0462646	-1.60007	1.33706				0.0871438	-0.0807259	0.231953
362.2				0.0373318	-1.24077	1.1226				0.0459258	-1.60332	1.33897				0.0872689	-0.0809241	0.232363
362.3				0.0369477	-1.24116	1.12223				0.0455312	-1.60656	1.34085				0.087392	-0.0811212	0.23277
362.4				0.0365636	-1.24154	1.12186				0.0451346	-1.60976	1.34272				0.087514	-0.0813172	0.233173
362.5				0.0361794	-1.24191	1.12148				0.0447359	-1.61295	1.34456				0.0876345	-0.081512	0.233572
362.6				0.0357951	-1.24227	1.1211				0.0443351	-1.6161	1.34637				0.0877535	-0.0817057	0.233967
362.7				0.0354107	-1.24262	1.1207				0.0439321	-1.61924	1.34817				0.087871	-0.0818983	0.234359
362.8				0.0350262	-1.24297	1.1203				0.043527	-1.62235	1.34994				0.087987	-0.0820898	0.234747
362.9				0.0346416	-1.2433	1.11989				0.0431199	-1.62543	1.35168				0.0881015	-0.0822802	0.235131
363				0.034257	-1.24363	1.11948				0.0427108	-1.6285	1.35341				0.0882147	-0.0824695	0.235512
363.1				0.0338723	-1.24395	1.11906				0.0422996	-1.63154	1.35511				0.0883263	-0.0826578	0.235889
363.2				0.0334876	-1.24426	1.11862				0.0418865	-1.63455	1.35679				0.0884366	-0.0828449	0.236263
363.3				0.0331028	-1.24456	1.11818				0.0414715	-1.63754	1.35845				0.0885454	-0.0830311	0.236633
363.4				0.032718	-1.24486	1.11774				0.0410546	-1.64051	1.36009				0.0886529	-0.0832162	0.236999
363.5				0.0323332	-1.24514	1.11729				0.0406357	-1.64346	1.36171				0.0887589	-0.0834002	0.237362
363.6				0.0319484	-1.24542	1.11684				0.040215	-1.64638	1.36331				0.0888636	-0.0835832	0.237722
363.7				0.0315635	-1.24569	1.11637				0.0397924	-1.64929	1.36489				0.0889669	-0.0837652	0.238078
363.8				0.0311787	-1.24596	1.11591				0.039368	-1.65217	1.36644				0.0890689	-0.0839467	0.238431
363.9				0.0307939	-1.24621	1.11543				0.0389419	-1.65502	1.36798				0.0891695	-0.0841266	0.238781
364				0.0304091	-1.24646	1.11495				0.038514	-1.65786	1.36949				0.0892688	-0.0843056	0.239127
364.1				0.0300244	-1.2467	1.11446				0.0380843	-1.66067	1.37099				0.0893668	-0.0844835	0.239469
364.2				0.0296396	-1.24693	1.11397				0.037653	-1.66346	1.37247				0.0894634	-0.0846605	0.239809
364.3				0.029255	-1.24715	1.11346				0.0372199	-1.66623	1.37392				0.0895588	-0.0848364	0.240142
364.4				0.0288704	-1.24737	1.11296				0.0367852	-1.66898	1.37536				0.0896525	-0.0850114	0.240475
364.5				0.0284859	-1.24758	1.11245				0.0363489	-1.67171	1.37677				0.0897453	-0.0851855	0.240805
364.6				0.0281014	-1.24778	1.11193				0.0359109	-1.67442	1.37817				0.0898368	-0.0853585	0.241131
364.7				0.0277171	-1.24798	1.1114				0.0354714	-1.67711	1.37955				0.0899271	-0.0855306	0.241455
364.8				0.0273328	-1.24817	1.11087				0.0350303	-1.67977	1.38091				0.0900161	-0.0857017	0.241775
364.9				0.0269486	-1.24835	1.11034				0.0345876	-1.68242	1.38225				0.0901039	-0.0858719	0.242092
365				0.0265647	-1.24852	1.1098				0.0341437	-1.68504	1.38357				0.0901905	-0.0860412	0.242406
365.1				0.0262427	-1.24869	1.10925				0.0337778	-1.68765	1.38487				0.0902752	-0.0862095	0.242717
365.2				0.0258588	-1.24885	1.1087				0.0333307	-1.69023	1.38616				0.0903594	-0.086377	0.243025
365.3				0.0254751	-1.249	1.10814				0.0328821	-1.69279	1.38742				0.0904424	-0.0865434	0.243329
365.4				0.0250913	-1.24915	1.10758				0.032432	-1.69534	1.38867				0.0905242	-0.086709	0.243631
365.5				0.0247078	-1.24929	1.10701				0.0319806	-1.69786	1.3899				0.0906048	-0.0868736	0.24393
365.6				0.0243189	-1.24943	1.10643				0.0315206	-1.70037	1.39111				0.0906842	-0.0870373	0.244226
365.7				0.0239358	-1.24955	1.10586				0.0310665	-1.70286	1.39231				0.0907625	-0.0872002	0.244519
365.8				0.0235527	-1.24967	1.10527				0.030611	-1.70532	1.39349				0.0908397	-0.0873621	0.24481
365.9				0.0231699	-1.24979	1.10468				0.0301542	-1.70777	1.39465				0.0909157	-0.0875232	0.245097
366				0.0227872	-1.2499	1.10409				0.029696	-1.7102	1.39579				0.0909905	-0.0876834	0.245381
366.1				0.0224048	-1.25	1.10349				0.0292366	-1.71261	1.39691				0.0910643	-0.0878427	0.245662
366.2				0.0220225	-1.25009	1.10289				0.028776	-1.715	1.39802				0.0911369	-0.0880011	0.245941
366.3				0.0216404	-1.25018	1.10226				0.0283141	-1.71737	1.39909				0.0912085	-0.0881587	0.246217
366.4				0.0212585	-1.25026	1.10165				0.0278509	-1.71973	1.40017				0.091279	-0.0883154	0.24649
366.5				0.0208768	-1.25034	1.10103				0.0273866	-1.72206	1.40122				0.0913483	-0.0884712	0.246761
366.6				0.0204953	-1.25041	1.10041				0.0269211	-1.72438	1.40227				0.0914166	-0.0886262	0.247028
366.7				0.0201141	-1.25048	1.09978				0.0264544	-1.72668	1.40329				0.0914838	-0.0887804	0.247293
366.8				0.0197333	-1.25053	1.09915				0.0259869	-1.72896	1.4043				0.09155	-0.0889337	0.247555
366.9				0.0193525	-1.25059	1.09851				0.025518	-1.73123	1.4053				0.0916151	-0.0890862	0.247815
367				0.019045	-1.25063	1.09787				0.0251442	-1.73347	1.40628				0.0916792	-0.0892378	0.248072
367.1				0.0186645	-1.25068	1.09722				0.0246731	-1.7357	1.40724				0.0917414	-0.0893886	0.248326
367.2				0.0182844	-1.25071	1.09658				0.0242008	-1.73791	1.40818				0.0918034	-0.0895386	0.248574
367.3				0.0179045	-1.25074	1.09592				0.0237275	-1.7401	1.40912				0.0918644	-0.0896878	0.248823
367.4				0.0175249	-1.25076	1.09526				0.0232533	-1.74228	1.41003				0.0919244	-0.0898362	0.24907
367.5				0.0171456	-1.25078	1.0946				0.0227781	-1.74444	1.41093				0.0919833	-0.0899837	0.249313
367.6				0.0167665	-1.2508	1.09393				0.0223017	-1.74658	1.41181				0.0920413	-0.0901305	0.249555
367.7				0.0163877	-1.2508	1.09326				0.0218244	-1.74871	1.41268				0.0920983	-0.0902775	0.249794
367.8				0.0160091	-1.2508	1.09258				0.021346	-1.75081	1.41353				0.0921543	-0.0904227	0.25003
367.9				0.0156308	-1.2508	1.0919				0.0208668	-1.7529	1.41436				0.0922093	-0.0905671	0.250263
368				0.0152968	-1.25079	1.09121				0.0204454	-1.75497	1.41519				0.0922634	-0.0907107	0.250495
368.1				0.0149191	-1.25077	1.09053				0.0199643	-1.75703	1.416				0.092316	-0.0908536	0.250724
368.2				0.0145414	-1.25075	1.08984				0.019482	-1.75907	1.4168				0.0923682	-0.0909957	0.25095
368.3				0.0141643	-1.25073	1.08914				0.018999	-1.7611	1.41758				0.0924194	-0.091137	0.251174
368.4				0.0137874	-1.2507	1.08845				0.0185152	-1.76311	1.41835				0.0924697	-0.0912775	0.251396
368.5				0.0134109	-1.25066	1.08775				0.0180306	-1.7651	1.4191				0.0925191	-0.0914173	0.251615
368.6				0.0130347	-1.25062	1.08704				0.0175452	-1.76708	1.41984				0.0925675	-0.0915564	0.251832
368.7				0.0126588	-1.25058	1.08633				0.0170589	-1.76904	1.42057				0.092615	-0.0916946	0.252047
368.8				0.0122833	-1.25053	1.08562				0.0165718	-1.77099	1.42128				0.0926616	-0.0918322	0.252259
368.9				0.011908	-1.25047	1.0849				0.0160838	-1.77292	1.42198				0.0927073	-0.091969	0.252469
369				0.0115331	-1.25041	1.08418				0.0155951	-1.77484	1.42266				0.0927521	-0.0921051	0.252676
369.1				0.0111585	-1.25035	1.08346				0.0151056	-1.77674	1.42334				0.092796	-0.0922403	0.252877
369.2				0.0107842	-1.25028	1.08273				0.0146153	-1.77862	1.42399				0.0928391	-0.0923749	0.253081
369.3				0.0104102	-1.2502	1.082				0.0141243	-1.78049	1.42464				0.0928813	-0.0925088	0.253282
369.4				0.0100367	-1.25012	1.08127				0.0136326	-1.78234	1.42527				0.0929226	-0.0926419	0.25348
369.5				0.00966345	-1.25004	1.08053				0.0131402	-1.78418	1.42589				0.092963	-0.0927744	0.253676
369.6				0.0092906	-1.24995	1.07979				0.0126471	-1.78601	1.4265				0.0930026	-0.0929061	0.25387
369.7				0.00891811	-1.24985	1.07905				0.0121533	-1.78782	1.42709				0.0930413	-0.093038	0.254062
369.8				0.00854599	-1.24976	1.07831				0.0116589	-1.78961	1.42767				0.0930792	-0.0931683	0.254252
369.9				0.00817424	-1.24965	1.07756				0.0111638	-1.79139	1.42823				0.0931162	-0.0932979	0.254439
370				0.00780285	-1.24955	1.07678				0.010668	-1.79315	1.42875				0.0931525	-0.0934268	0.254625
370.1				0.00714401	-1.24943	1.07602				0.00977775	-1.7949	1.4293				0.0931928	-0.093555	0.254805
370.2				0.00677384	-1.24932	1.07526				0.009281	-1.79664	1.42983				0.0932272	-0.0936826	0.254986
370.3				0.00640431	-1.2492	1.0745				0.00878401	-1.79836	1.43034				0.093261	-0.0938094	0.255165
370.4				0.00603491	-1.24907	1.07374				0.00828609	-1.80007	1.43085				0.0932939	-0.0939355	0.255342
370.5				0.0056659	-1.24894	1.07297				0.0077876	-1.80176	1.43134				0.0933261	-0.094061	0.255517
370.6				0.00529728	-1.24881	1.0722				0.00728856	-1.80344	1.43182				0.0933574	-0.0941858	0.25569
370.7				0.00492923	-1.24867	1.07142				0.00678922	-1.80511	1.43229				0.093388	-0.09431	0.255861
370.8				0.00456143	-1.24852	1.07065				0.00628914	-1.80676	1.43275				0.0934178	-0.0944334	0.256029
370.9				0.00419402	-1.24838	1.06987				0.00578852	-1.8084	1.43319				0.0934468	-0.0945562	0.256196
371				0.003819	-1.24823	1.06909				0.00527633	-1.81002	1.43363				0.0934751	-0.0946784	0.25636
371.1				0.00345245	-1.24807	1.0683				0.00477476	-1.81163	1.43405				0.0935025	-0.0947999	0.256523
371.2				0.00308631	-1.24791	1.06752				0.00427272	-1.81323	1.43446				0.0935294	-0.0949207	0.256684
371.3				0.00272056	-1.24775	1.06671				0.00377018	-1.81481	1.43484				0.0935553	-0.0950409	0.256843
371.4				0.00235526	-1.24758	1.06592				0.00326721	-1.81638	1.43523				0.0935805	-0.0951604	0.256999
371.5				0.00199037	-1.24741	1.06513				0.00276381	-1.81793	1.43561				0.093605	-0.0952793	0.257154
371.6				0.00162592	-1.24723	1.06433				0.00225998	-1.81948	1.43597				0.0936287	-0.0953973	0.257307
371.7				0.0012619	-1.24705	1.06353				0.00175574	-1.82101	1.43633				0.0936517	-0.0955149	0.257458
371.8				0.000898314	-1.24687	1.06273				0.0012511	-1.82252	1.43667				0.093674	-0.0956319	0.257607
371.9				0.000535158	-1.24668	1.06192				0.000746056	-1.82403	1.437				0.0936955	-0.0957482	0.257754
372				0.000172439	-1.24649	1.06111				0.00024063	-1.82552	1.43732				0.0937163	-0.0958632	0.2579
372.1				-0.000189842	-1.24629	1.0603				-0.000265172	-1.827	1.43763				0.0937364	-0.0959783	0.258043
372.2				-0.000551675	-1.24609	1.05949				-0.000771327	-1.82846	1.43793				0.0937558	-0.0960928	0.25823
372.3				-0.000913063	-1.24589	1.05867				-0.00127783	-1.82992	1.43821				0.0937745	-0.0962066	0.25837
372.4				-0.001274	-1.24568	1.05785				-0.00178467	-1.83136	1.43849				0.0937925	-0.0963199	0.258506
372.5				-0.00163453	-1.24547	1.05703				-0.0022919	-1.83278	1.43876				0.0938099	-0.0964325	0.258642
372.6				-0.00199457	-1.24525	1.05621				-0.00279939	-1.8342	1.43902				0.0938266	-0.0965446	0.258776
372.7				-0.00235408	-1.24504	1.05538				-0.0033071	-1.8356	1.43926				0.0938426	-0.096656	0.258909
372.8				-0.0027132	-1.24481	1.05456				-0.00381519	-1.83699	1.4395				0.0938578	-0.0967668	0.25904
372.9				-0.00307186	-1.24459	1.05373				-0.00432357	-1.83837	1.43973				0.0938724	-0.096877	0.259169
373				-0.00343006	-1.24436	1.05286				-0.00483222	-1.83973	1.43989				0.0938863	-0.0969867	0.259301
373.1				-0.00378779	-1.24412	1.05203				-0.00534113	-1.84109	1.4401				0.0938996	-0.0970957	0.259426
373.2				-0.00414504	-1.24389	1.05119				-0.00585029	-1.84243	1.4403				0.0939122	-0.0972041	0.25955
373.3				-0.0045016	-1.24365	1.05035				-0.00635937	-1.84376	1.44049				0.0939242	-0.0973119	0.259672
373.4				-0.00485792	-1.2434	1.04951				-0.00686902	-1.84508	1.44066				0.0939355	-0.0974191	0.259792
373.5				-0.00521367	-1.24316	1.04867				-0.00737876	-1.84638	1.44083				0.0939462	-0.0975258	0.259911
373.6				-0.00556904	-1.24291	1.04783				-0.00788885	-1.84768	1.44099				0.0939562	-0.0976319	0.260028
373.7				-0.00592392	-1.24265	1.04698				-0.00839915	-1.84896	1.44114				0.0939656	-0.0977374	0.260143
373.8				-0.00627833	-1.2424	1.04614				-0.00890964	-1.85023	1.44128				0.0939743	-0.0978423	0.260257
373.9				-0.00663213	-1.24213	1.04529				-0.00942014	-1.85149	1.44141				0.0939824	-0.0979467	0.260369
374				-0.00698557	-1.24187	1.04444				-0.00993099	-1.85274	1.44153				0.0939899	-0.0980505	0.260479
374.1				-0.00733852	-1.2416	1.04358				-0.010442	-1.85397	1.44164				0.0939968	-0.0981538	0.260587
374.2				-0.00769093	-1.24133	1.04271				-0.0109531	-1.8552	1.44172				0.0940031	-0.0982564	0.260694
374.3				-0.0080429	-1.24106	1.04186				-0.0114644	-1.85641	1.44181				0.0940088	-0.0983586	0.2608
374.4				-0.00839437	-1.24078	1.041				-0.0119759	-1.85761	1.44189				0.0940138	-0.0984601	0.260903
374.5				-0.00874535	-1.2405	1.04014				-0.0124875	-1.8588	1.44197				0.0940183	-0.0985611	0.261006
374.6				-0.00909582	-1.24022	1.03927				-0.0129992	-1.85998	1.44203				0.0940222	-0.0986616	0.261106
374.7				-0.0094458	-1.23993	1.03841				-0.0135111	-1.86115	1.44209				0.0940254	-0.0987615	0.261205
374.8				-0.00979528	-1.23964	1.03754				-0.014023	-1.86231	1.44214				0.0940282	-0.0988608	0.261304
374.9				-0.0101443	-1.23934	1.03668				-0.014535	-1.86346	1.44218				0.0940303	-0.0989596	0.261399
375				-0.0104927	-1.23905	1.03577				-0.015047	-1.86459	1.44215				0.0940318	-0.0990579	0.261494
375.1				-0.0108406	-1.23875	1.03489				-0.0155592	-1.86572	1.44217				0.0940327	-0.0991556	0.261586
375.2				-0.0111881	-1.23845	1.03402				-0.0160715	-1.86683	1.44218				0.0940331	-0.0992528	0.261678
375.3				-0.011535	-1.23814	1.03315				-0.0165838	-1.86794	1.44219				0.0940329	-0.0993495	0.261768
375.4				-0.0118814	-1.23783	1.03227				-0.0170962	-1.86903	1.44218				0.0940322	-0.0994456	0.261856
375.5				-0.0122274	-1.23752	1.0314				-0.0176086	-1.87011	1.44217				0.0940309	-0.0995412	0.261942
375.6				-0.0125728	-1.2372	1.03052				-0.0181211	-1.87118	1.44215				0.094029	-0.0996363	0.262028
375.7				-0.0129177	-1.23687	1.02964				-0.0186336	-1.87223	1.44212				0.0940267	-0.0997308	0.262112
375.8				-0.0132622	-1.23655	1.02875				-0.0191464	-1.87328	1.44208				0.0940238	-0.0998249	0.262194
375.9				-0.0136061	-1.23623	1.02787				-0.019659	-1.87432	1.44204				0.0940202	-0.0999184	0.262275
376				-0.0139613	-1.2359	1.02696				-0.0201887	-1.87535	1.44195				0.0940162	-0.100011	0.262354
376.1				-0.0143044	-1.23557	1.02606				-0.0207016	-1.87637	1.44187				0.0940116	-0.100104	0.262432
376.2				-0.0146466	-1.23524	1.02516				-0.0212141	-1.87738	1.44177				0.0940065	-0.100196	0.262508
376.3				-0.0149883	-1.23491	1.02427				-0.0217265	-1.87838	1.4417				0.0940008	-0.100287	0.262583
376.4				-0.0153296	-1.23457	1.02338				-0.0222391	-1.87937	1.44161				0.0939946	-0.100378	0.262657
376.5				-0.0156702	-1.23423	1.02249				-0.0227514	-1.88035	1.44152				0.0939879	-0.100469	0.262729
376.6				-0.0160103	-1.23388	1.02159				-0.0232638	-1.88132	1.44141				0.0939807	-0.100559	0.2628
376.7				-0.0163499	-1.23354	1.0207				-0.0237761	-1.88228	1.44131				0.093973	-0.100648	0.262869
376.8				-0.0166889	-1.23319	1.0198				-0.0242883	-1.88323	1.44119				0.0939647	-0.100737	0.262937
376.9				-0.0170274	-1.23284	1.01891				-0.0248005	-1.88417	1.44106				0.093956	-0.100825	0.263004
377				-0.0173654	-1.23248	1.01801				-0.0253125	-1.8851	1.44093				0.0939467	-0.100913	0.263069
377.1				-0.0177028	-1.23212	1.01711				-0.0258245	-1.88602	1.44079				0.093937	-0.101001	0.263133
377.2				-0.0180397	-1.23176	1.01619				-0.0263365	-1.88693	1.44063				0.0939268	-0.101088	0.263195
377.3				-0.0183761	-1.2314	1.01529				-0.0268483	-1.88784	1.44048				0.093916	-0.101174	0.263256
377.4				-0.0187121	-1.23104	1.01439				-0.0273603	-1.88873	1.44032				0.0939048	-0.10126	0.263316
377.5				-0.0190473	-1.23067	1.01348				-0.0278719	-1.88961	1.44015				0.0938931	-0.101346	0.263375
377.6				-0.019382	-1.2303	1.01258				-0.0283834	-1.89048	1.43997				0.0938809	-0.10143	0.263432
377.7				-0.0197162	-1.22993	1.01167				-0.0288948	-1.89135	1.43979				0.0938682	-0.101515	0.263488
377.8				-0.0200495	-1.22955	1.01076				-0.0294056	-1.8922	1.4396				0.093855	-0.101599	0.263542
377.9				-0.0203826	-1.22917	1.00985				-0.0299168	-1.89305	1.4394				0.0938414	-0.101683	0.263596
378				-0.0207152	-1.22879	1.00894				-0.0304278	-1.89388	1.43919				0.0938273	-0.101766	0.263648
378.1				-0.0210472	-1.22841	1.00834				-0.0309387	-1.89471	1.43942				0.0938127	-0.101849	0.263698
378.2				-0.0213786	-1.22802	1.00742				-0.0314494	-1.89553	1.4392				0.0937977	-0.101931	0.263748
378.3				-0.0217095	-1.22764	1.00651				-0.03196	-1.89634	1.43897				0.0937822	-0.102012	0.263796
378.4				-0.0220399	-1.22724	1.00559				-0.0324704	-1.89714	1.43874				0.0937662	-0.102094	0.263843
378.5				-0.0223697	-1.22685	1.00467				-0.0329806	-1.89793	1.43849				0.0937498	-0.102175	0.263889
378.6				-0.0226989	-1.22646	1.00376				-0.0334907	-1.89871	1.43824				0.093733	-0.102255	0.263933
378.7				-0.0230276	-1.22606	1.00284				-0.0340006	-1.89948	1.43799				0.0937157	-0.102335	0.263976
378.8				-0.0233558	-1.22566	1.00191				-0.0345103	-1.90024	1.43773				0.0936979	-0.102414	0.264018
378.9				-0.0236834	-1.22526	1.00099				-0.0350198	-1.901	1.43746				0.0936797	-0.102493	0.264059
379				-0.0240104	-1.22485	1.00007				-0.0355292	-1.90175	1.43718				0.0936611	-0.102572	0.264099
379.1				-0.0243369	-1.22444	0.999129				-0.0360383	-1.90248	1.43688				0.0936421	-0.10265	0.264137
379.2				-0.0246628	-1.22404	0.998204				-0.0365472	-1.90321	1.43659				0.0936226	-0.102727	0.264174
379.3				-0.024988	-1.22362	0.997412				-0.0370556	-1.90393	1.43649				0.0936026	-0.102805	0.26421
379.4				-0.0253127	-1.22321	0.996486				-0.0375641	-1.90464	1.43619				0.0935823	-0.102881	0.264245
379.5				-0.025637	-1.22279	0.995559				-0.0380723	-1.90535	1.43588				0.0935615	-0.102958	0.264278
379.6				-0.0259606	-1.22237	0.994631				-0.0385803	-1.90604	1.43557				0.0935406	-0.103033	0.264311
379.7				-0.0262837	-1.22195	0.993703				-0.039088	-1.90673	1.43525				0.093519	-0.103109	0.264342
379.8				-0.0266063	-1.22153	0.992773				-0.0395955	-1.90741	1.43492				0.0934969	-0.103184	0.264372
379.9				-0.0269283	-1.22111	0.991843				-0.0401028	-1.90807	1.43459				0.0934746	-0.103258	0.264401
380				-0.0272497	-1.22068	0.990912				-0.0406098	-1.90874	1.43425				0.0934517	-0.103333	0.264429
