# Compute m_ttbar distribution dxsection/dm_ttbar (pb/GeV) of PP > ttbar. Energy and mass in GeV, xsection in pb.
# Parameters: alphaS(ScaleR) = 0.107655, m_t = 172.5, PDFset = NNPDF31_nnlo_as_0118_notop, PDFmember = 0, ScaleF = 172.5, ScaleR = 172.5, sqrt(s_hadron) = 13000, MZ = 91.2, vev = 246.22, RelativeError = 0.01, DynamicScalingChoice = 0, ScaleUncertainty = (0.5,2)
# m_ttbar (GeV) 				 gg > singlet 	 [lower , 	 upper] 				 gg > octet 	 [lower , 	 upper] 				 qq > octet 	 [lower , 	 upper]
335				2242.07	2137.53	2172.94				3023.58	3018.42	2846.36				666.759	621.261	667.883
335.1				2255.33	2150.09	2185.83				3033.02	3027.86	2855.21				668.986	623.334	670.108
335.2				2268.84	2162.88	2198.97				3042.62	3037.46	2864.2				671.248	625.44	672.368
335.3				2282.61	2175.93	2212.36				3052.38	3047.22	2873.35				673.546	627.58	674.664
335.4				2296.65	2189.23	2226.02				3062.3	3057.13	2882.64				675.882	629.754	676.996
335.5				2310.97	2202.8	2239.95				3072.38	3067.22	2892.09				678.254	631.963	679.366
335.6				2325.58	2216.64	2254.16				3082.64	3077.48	2901.7				680.666	634.208	681.775
335.7				2340.48	2230.76	2268.65				3093.07	3087.91	2911.47				683.117	636.491	684.223
335.8				2355.69	2245.16	2283.44				3103.68	3098.52	2921.41				685.608	638.811	686.711
335.9				2371.21	2259.86	2298.54				3114.48	3109.31	2931.53				688.141	641.17	689.241
336				2387.05	2274.87	2313.95				3125.46	3120.3	2941.81				690.724	643.569	691.813
336.1				2403.23	2290.19	2329.68				3136.63	3131.48	2952.28				693.343	646.008	694.429
336.2				2419.75	2305.84	2345.75				3148.01	3142.85	2962.94				696.007	648.49	697.089
336.3				2436.62	2321.83	2362.16				3159.58	3154.43	2973.78				698.717	651.014	699.796
336.4				2453.86	2338.16	2378.93				3171.36	3166.22	2984.82				701.474	653.583	702.549
336.5				2471.47	2354.84	2396.06				3183.36	3178.22	2996.06				704.28	656.197	705.35
336.6				2489.48	2371.9	2413.58				3195.58	3190.44	3007.5				707.135	658.857	708.201
336.7				2507.89	2389.34	2431.49				3208.02	3202.89	3019.16				710.041	661.565	711.103
336.8				2526.71	2407.17	2449.8				3220.69	3215.57	3031.03				713	664.322	714.057
336.9				2545.97	2425.41	2468.53				3233.6	3228.49	3043.12				716.012	667.13	717.064
337				2565.67	2444.08	2487.7				3246.76	3241.65	3055.44				719.08	669.989	720.127
337.1				2585.83	2463.18	2507.31				3260.16	3255.07	3068				722.205	672.901	723.247
337.2				2606.47	2482.73	2527.39				3273.83	3268.74	3080.8				725.388	675.869	726.424
337.3				2627.61	2502.75	2547.96				3287.76	3282.68	3093.84				728.632	678.892	729.662
337.4				2649.25	2523.26	2569.02				3301.96	3296.9	3107.15				731.937	681.974	732.962
337.5				2671.43	2544.27	2590.59				3316.45	3311.4	3120.71				735.306	685.115	736.327
337.6				2694.16	2565.8	2612.71				3331.22	3326.19	3134.55				738.741	688.322	739.755
337.7				2717.46	2587.87	2635.38				3346.3	3341.28	3148.67				742.244	691.588	743.251
337.8				2741.35	2610.5	2658.62				3361.68	3356.68	3163.07				745.817	694.92	746.817
337.9				2765.86	2633.72	2682.47				3377.38	3372.4	3177.78				749.461	698.319	750.454
338				2791.01	2657.54	2706.94				3393.4	3388.44	3192.78				753.18	701.787	754.164
338.1				2816.83	2681.99	2732.06				3409.77	3404.83	3208.11				756.975	705.327	757.951
338.2				2843.33	2707.1	2757.85				3426.48	3421.56	3223.76				760.849	708.941	761.817
338.3				2870.56	2732.89	2784.34				3443.56	3438.66	3239.74				764.842	712.631	765.764
338.4				2898.53	2759.39	2811.57				3461	3456.13	3256.08				768.882	716.401	769.794
338.5				2927.29	2786.63	2839.55				3478.83	3473.99	3272.77				773.009	720.251	773.911
338.6				2956.86	2814.64	2868.33				3497.06	3492.25	3289.83				777.226	724.186	778.118
338.7				2987.29	2843.45	2897.93				3515.69	3510.92	3307.28				781.536	728.208	782.417
338.8				3018.59	2873.11	2928.4				3534.76	3530.01	3325.12				785.943	732.321	786.812
338.9				3050.83	2903.64	2959.77				3554.26	3549.55	3343.38				790.449	736.527	791.307
339				3084.03	2935.09	2992.08				3574.22	3569.55	3362.06				795.058	740.829	795.904
339.1				3118.24	2967.49	3025.38				3594.65	3590.02	3381.18				799.774	745.232	800.607
339.2				3153.51	3000.9	3059.71				3615.57	3610.98	3400.76				804.601	749.739	805.42
339.3				3189.89	3035.35	3095.11				3636.99	3632.45	3420.81				809.544	754.353	810.348
339.4				3227.43	3070.9	3131.65				3658.95	3654.46	3441.36				814.605	759.08	815.394
339.5				3266.19	3107.61	3169.37				3681.45	3677.01	3462.41				819.79	763.922	820.564
339.6				3306.22	3145.52	3208.34				3704.52	3700.13	3484				825.104	768.885	825.861
339.7				3347.6	3184.71	3248.61				3728.17	3723.85	3506.14				830.552	773.974	831.292
339.8				3390.38	3225.23	3290.26				3752.45	3748.19	3528.85				836.139	779.193	836.861
339.9				3434.65	3267.15	3333.35				3777.36	3773.17	3552.15				841.871	784.548	842.573
340				3480.48	3310.55	3377.96				3802.94	3798.82	3576.08				847.754	790.045	848.435
340.1				3527.95	3355.5	3424.18				3829.21	3825.17	3600.65				853.793	795.689	854.454
340.2				3577.16	3402.1	3472.08				3856.2	3852.24	3625.9				859.997	801.486	860.634
340.3				3628.19	3450.43	3521.77				3883.95	3880.08	3651.85				866.371	807.444	866.985
340.4				3681.16	3500.58	3573.33				3912.49	3908.7	3678.54				872.923	813.57	873.512
340.5				3736.17	3552.68	3626.9				3941.85	3938.16	3705.99				879.662	819.87	880.225
340.6				3793.35	3606.82	3682.56				3972.07	3968.48	3734.24				886.596	826.353	887.131
340.7				3852.82	3663.12	3740.47				4003.18	3999.71	3763.34				893.733	833.028	894.239
340.8				3914.72	3721.73	3800.74				4035.24	4031.89	3793.31				901.084	839.903	901.558
340.9				3979.2	3782.78	3863.53				4068.29	4065.06	3824.2				908.658	846.988	909.1
341				4046.43	3846.43	3928.99				4102.37	4099.28	3856.05				916.466	854.294	916.873
341.1				4116.58	3912.84	3997.3				4137.54	4134.59	3888.92				924.521	861.831	924.891
341.2				4189.84	3982.2	4068.63				4173.85	4171.06	3922.84				932.834	869.611	933.166
341.3				4266.41	4054.69	4143.21				4211.37	4208.73	3957.89				941.419	877.647	941.709
341.4				4346.53	4130.54	4221.24				4250.14	4247.68	3994.11				950.29	885.952	950.536
341.5				4430.45	4209.98	4302.96				4290.25	4287.97	4031.57				959.463	894.54	959.662
341.6				4518.42	4293.25	4388.64				4331.75	4329.68	4070.34				968.953	903.427	969.102
341.7				4610.74	4380.64	4478.56				4374.74	4372.89	4110.48				978.778	912.63	978.874
341.8				4707.73	4472.44	4573.03				4419.3	4417.67	4152.08				988.958	922.167	988.997
341.9				4809.74	4569	4672.39				4465.51	4464.13	4195.21				999.512	932.057	999.491
342				4917.15	4670.66	4777.02				4513.47	4512.36	4239.97				1010.46	942.32	1010.38
342.1				5030.39	4777.84	4887.33				4563.29	4562.46	4286.46				1021.84	952.98	1021.68
342.2				5149.92	4890.96	5003.77				4615.08	4614.56	4334.78				1033.65	964.061	1033.42
342.3				5276.25	5010.52	5126.84				4668.96	4668.78	4385.05				1045.95	975.589	1045.64
342.4				5409.94	5137.03	5257.08				4725.08	4725.26	4437.39				1058.74	987.594	1058.35
342.5				5551.59	5271.08	5395.09				4783.57	4784.14	4491.92				1072.08	1000.11	1071.59
342.6				5701.91	5413.32	5541.54				4844.59	4845.58	4548.81				1085.99	1013.16	1085.4
342.7				5861.62	5564.44	5697.16				4908.32	4909.77	4608.21				1100.51	1026.79	1099.81
342.8				6031.57	5725.25	5862.76				4974.95	4976.89	4670.29				1115.68	1041.04	1114.87
342.9				6212.66	5896.58	6039.21				5044.68	5047.15	4735.25				1131.56	1055.96	1130.63
343				6405.88	6079.39	6227.5				5117.73	5120.78	4803.29				1148.19	1071.58	1147.12
343.1				6612.35	6274.72	6428.7				5194.36	5198.04	4874.64				1165.64	1087.97	1164.42
343.2				6833.25	6483.7	6643.98				5274.84	5279.21	4949.55				1183.95	1105.19	1182.57
343.3				7069.9	6707.57	6874.62				5359.47	5364.59	5028.31				1203.2	1123.29	1201.65
343.4				7323.72	6947.67	7121.99				5448.58	5454.51	5111.21				1223.47	1142.36	1221.73
343.5				7596.23	7205.45	7387.59				5542.55	5549.36	5198.6				1244.83	1162.46	1242.89
343.6				7889.05	7482.42	7673				5641.77	5649.55	5290.86				1267.39	1183.69	1265.23
343.7				8203.87	7780.2	7979.86				5746.7	5755.53	5388.4				1291.23	1206.14	1288.84
343.8				8542.45	8100.43	8309.89				5857.84	5867.82	5491.69				1316.49	1229.93	1313.83
343.9				8906.5	8444.75	8664.75				5975.75	5986.97	5601.25				1343.28	1255.16	1340.33
344				9297.69	8814.72	9046.08				6101.06	6113.62	5717.66				1371.73	1281.97	1368.49
344.1				9717.5	9211.75	9455.31				6234.44	6248.45	5841.55				1402.02	1310.52	1398.44
344.2				10167.1	9636.95	9893.57				6376.65	6392.22	5973.64				1434.31	1340.95	1430.38
344.3				10647.2	10091	10361.6				6528.53	6545.76	6114.7				1468.78	1373.44	1464.48
344.4				11157.9	10574	10859.4				6690.97	6709.96	6265.58				1505.65	1408.18	1500.94
344.5				11698.5	11085.2	11386.3				6864.9	6885.75	6427.17				1545.12	1445.37	1539.99
344.6				12267.2	11623.1	11940.7				7051.29	7074.08	6600.4				1587.41	1485.2	1581.84
344.7				12861.2	12184.9	12519.7				7251.09	7275.86	6786.16				1632.73	1527.88	1626.71
344.8				13476.7	12767	13119.5				7465.16	7491.94	6985.3				1681.29	1573.58	1674.81
344.9				14108.6	13364.8	13735.4				7694.23	7723	7198.52				1733.25	1622.44	1726.31
345				14751.1	13972.6	14361.5				7938.79	7969.51	7426.33				1788.73	1674.57	1781.33
345.1				15398	14584.6	14991.7				8199.04	8231.63	7668.94				1847.76	1730	1839.93
345.2				16042.8	15194.7	15619.9				8474.85	8509.19	7926.25				1910.32	1788.7	1902.08
345.3				16679.5	15797.3	16240.1				8765.71	8801.65	8197.82				1976.3	1850.56	1967.67
345.4				17302.7	16387.1	16846.9				9070.76	9108.12	8482.86				2045.51	1915.39	2036.53
345.5				17907.8	16960	17436.1				9388.84	9427.43	8780.3				2117.69	1982.94	2108.4
345.6				18491.5	17512.7	18004.3				9718.55	9758.17	9088.84				2192.53	2052.93	2182.97
345.7				19051.3	18042.8	18549.1				10058.4	10098.8	9407.04				2269.67	2125.03	2259.89
345.8				19585.8	18549.1	19069.1				10406.7	10447.7	9733.38				2348.77	2198.9	2338.79
345.9				20094.3	19030.9	19563.7				10761.9	10803.3	10066.4				2429.45	2274.21	2419.33
346				20576.9	19488.3	20033				11122.4	11164.1	10404.5				2511.38	2350.64	2501.16
346.1				21034.2	19921.8	20477.6				11486.9	11528.7	10746.6				2594.23	2427.89	2583.94
346.2				21467.1	20332.3	20898.3				11854.1	11895.7	11091.2				2677.71	2505.7	2667.38
346.3				21876.7	20720.7	21296.2				12222.7	12264.1	11437.4				2761.57	2583.83	2751.23
346.4				22264.3	21088.4	21672.7				12591.8	12632.8	11784.1				2845.57	2662.06	2835.26
346.5				22631.2	21436.6	22028.9				12960.5	13001.1	12130.6				2929.52	2740.21	2919.25
346.6				22978.8	21766.6	22366.4				13328.2	13368.1	12476.1				3013.25	2818.14	3003.06
346.7				23308.5	22079.5	22686.3				13694.1	13733.3	12820.1				3096.63	2895.72	3086.52
346.8				23621.4	22376.7	22989.8				14057.7	14096.1	13162				3179.54	2972.84	3169.54
346.9				23918.8	22659.2	23278.2				14418.7	14456.2	13501.5				3261.87	3049.41	3252
347				24201.8	22928	23552.6				14776.7	14813.3	13838.2				3343.57	3125.36	3333.82
347.1				24471.5	23184.3	23814				15131.3	15167	14171.9				3424.55	3200.64	3414.95
347.2				24728.7	23428.8	24063.2				15482.5	15517.1	14502.3				3504.77	3275.2	3495.33
347.3				24974.5	23662.4	24301.3				15830	15863.5	14829.3				3584.2	3349	3574.93
347.4				25209.5	23885.8	24528.9				16173.8	16206.1	15152.8				3662.8	3422.02	3653.7
347.5				25434.6	24099.9	24746.8				16513.6	16544.8	15472.7				3740.55	3494.25	3731.64
347.6				25650.4	24305.2	24955.7				16849.5	16879.5	15788.8				3817.44	3565.67	3808.72
347.7				25857.6	24502.3	25156.2				17181.4	17210.2	16101.3				3893.47	3636.27	3884.94
347.8				26056.7	24691.7	25348.8				17509.3	17536.9	16410				3968.61	3706.04	3960.29
347.9				26248.2	24874	25534				17833.2	17859.5	16715				4042.88	3774.99	4034.77
348				26432.7	25049.6	25712.4				18153.1	18178.1	17016.2				4116.28	3843.13	4108.37
348.1				26610.5	25218.9	25884.3				18469.1	18492.8	17313.7				4188.81	3910.45	4181.11
348.2				26782.1	25382.3	26049.3				18781.1	18803.5	17607				4260.48	3976.96	4252.99
348.3				26947.8	25540.1	26209.4				19089.2	19110.3	17897.2				4331.29	4042.67	4324.02
348.4				27108.1	25692.7	26364.2				19393.5	19413.2	18183.8				4401.26	4107.6	4394.21
348.5				27263.1	25840.3	26513.9				19693.9	19712.4	18466.7				4470.39	4171.74	4463.57
348.6				27413.1	25983.3	26658.8				19990.7	20007.8	18746.2				4538.71	4235.11	4532.1
348.7				27558.6	26121.8	26799.1				20283.7	20299.4	19022.2				4606.21	4297.73	4599.83
348.8				27699.6	26256.2	26935.2				20573.1	20587.5	19294.9				4672.92	4359.6	4666.76
348.9				27836.4	26386.6	27067.3				20858.9	20872	19564.1				4738.85	4420.75	4732.91
349				27969.3	26513.2	27195.4				21141.3	21152.9	19830.1				4804	4481.17	4798.29
349.1				28098.3	26636.2	27319.9				21420.1	21430.4	20092.8				4868.4	4540.88	4862.91
349.2				28223.8	26755.8	27440.9				21695.6	21704.6	20352.3				4932.05	4599.9	4926.79
349.3				28345.9	26872.2	27558.6				21967.8	21975.3	20608.7				4994.97	4658.23	4989.94
349.4				28464.7	26985.5	27673.1				22236.7	22242.9	20862				5057.18	4715.9	5052.37
349.5				28580.4	27095.8	27784.6				22502.3	22507.2	21112.3				5118.68	4772.91	5114.1
349.6				28693.1	27203.2	27893.2				22764.8	22768.3	21359.7				5179.49	4829.28	5175.13
349.7				28802.9	27308	27999				23024.3	23026.4	21604.1				5239.62	4885.01	5235.49
349.8				28910	27410.1	28102.2				23280.7	23281.4	21845.7				5299.09	4940.12	5295.18
349.9				29014.5	27509.8	28202.8				23534.1	23533.5	22084.5				5357.9	4994.62	5354.22
350				29116.5	27607	28301				23784.6	23782.6	22320.5				5416.07	5048.52	5412.61
350.1				29216	27702	28396.8				24032.2	24028.9	22553.8				5473.61	5101.83	5470.37
350.2				29313.3	27794.7	28490.4				24277	24272.4	22784.5				5530.53	5154.57	5527.52
350.3				29408.3	27885.4	28581.8				24519	24513.1	23012.5				5586.85	5206.74	5584.06
350.4				29501.1	27973.9	28671.1				24758.4	24751	23238.1				5642.57	5258.36	5640
350.5				29591.9	28060.5	28758.5				24995	24986.4	23461.1				5697.7	5309.43	5695.35
350.6				29680.7	28145.2	28843.9				25229.1	25219.1	23681.6				5752.27	5359.97	5750.14
350.7				29767.6	28228.1	28927.4				25460.5	25449.2	23899.7				5806.26	5409.98	5804.35
350.8				29852.6	28309.2	29009.1				25689.5	25676.8	24115.5				5859.71	5459.47	5858.01
350.9				29935.7	28388.6	29089.1				25915.9	25901.9	24328.9				5912.61	5508.46	5911.13
351				30017.2	28466.3	29167.4				26140	26124.7	24540				5964.98	5556.95	5963.71
351.1				30097	28542.4	29244				26361.6	26345	24748.9				6016.82	5604.95	6015.77
351.2				30175.1	28617	29319.1				26580.9	26562.9	24955.5				6068.14	5652.47	6067.31
351.3				30251.7	28690	29392.7				26797.8	26778.6	25160				6118.96	5699.53	6118.35
351.4				30326.7	28761.7	29464.7				27012.5	26992	25362.3				6169.28	5746.11	6168.88
351.5				30400.3	28831.8	29535.4				27225	27203.1	25562.5				6219.12	5792.24	6218.93
351.6				30472.4	28900.7	29604.6				27435.3	27412.1	25760.7				6268.47	5837.92	6268.49
351.7				30543.1	28968.1	29672.5				27643.4	27618.9	25956.8				6317.34	5883.15	6317.57
351.8				30612.4	29034.3	29739.1				27849.3	27823.6	26150.9				6365.75	5927.96	6366.19
351.9				30680.5	29099.2	29804.4				28053.2	28026.2	26343.1				6413.71	5972.33	6414.35
352				30747.2	29162.9	29868.4				28255.1	28226.8	26533.3				6461.21	6016.29	6462.06
352.1				30812.7	29225.5	29931.3				28454.9	28425.3	26721.6				6508.27	6059.83	6509.33
352.2				30877	29286.8	29993				28652.7	28621.9	26908				6554.9	6102.97	6556.16
352.3				30940.1	29347	30053.5				28848.6	28816.5	27092.6				6601.09	6145.71	6602.56
352.4				31002.1	29406.2	30112.9				29042.5	29009.1	27275.4				6646.86	6188.05	6648.53
352.5				31062.9	29464.2	30171.2				29234.5	29199.9	27456.4				6692.22	6230.01	6694.09
352.6				31122.7	29521.2	30228.5				29424.7	29388.8	27635.6				6737.16	6271.58	6739.24
352.7				31181.4	29577.2	30284.8				29613	29575.9	27813.1				6781.71	6312.78	6783.99
352.8				31239	29632.2	30340				29799.5	29761.2	27988.9				6825.85	6353.62	6828.33
352.9				31295.6	29686.3	30394.2				29984.3	29944.7	28163				6869.61	6394.08	6872.29
353				31351.2	29739.3	30447.5				30167.2	30126.4	28335.4				6912.98	6434.19	6915.85
353.1				31405.9	29791.5	30499.9				30348.5	30306.4	28506.2				6955.97	6473.94	6959.04
353.2				31459.6	29842.7	30551.3				30528	30484.7	28675.4				6998.59	6513.35	7001.85
353.3				31512.4	29893.1	30601.9				30705.8	30661.3	28843				7040.84	6552.41	7044.3
353.4				31564.3	29942.6	30651.6				30882	30836.3	29009.1				7082.72	6591.13	7086.38
353.5				31615.3	29991.3	30693.9				31056.6	31009.6	29167.4				7124.25	6629.52	7128.1
353.6				31665.4	30039.1	30741.9				31229.5	31181.3	29330.3				7165.42	6667.58	7169.46
353.7				31714.7	30086.2	30789				31400.8	31351.5	29491.8				7206.24	6705.31	7210.48
353.8				31763.2	30132.4	30835.4				31570.6	31520	29651.8				7246.73	6742.73	7251.15
353.9				31810.8	30177.9	30881				31738.9	31687.1	29810.3				7286.87	6779.83	7291.48
354				31857.7	30222.6	30925.8				31905.6	31852.6	29967.4				7326.68	6816.62	7331.48
354.1				31903.8	30266.5	30969.9				32070.8	32016.6	30123.1				7366.16	6853.11	7371.15
354.2				31949.1	30309.8	31013.2				32234.5	32179.1	30277.3				7405.31	6889.28	7410.49
354.3				31993.7	30352.3	31055.8				32396.7	32340.2	30430.2				7444.15	6925.17	7449.51
354.4				32037.5	30394.1	31097.7				32557.5	32499.8	30581.7				7482.66	6960.75	7488.21
354.5				32080.7	30435.2	31139				32716.9	32658	30731.9				7520.87	6996.05	7526.6
354.6				32123.1	30475.7	31179.5				32874.9	32814.8	30880.8				7558.76	7031.06	7564.68
354.7				32164.8	30515.5	31219.4				33031.5	32970.2	31028.3				7596.36	7065.78	7602.46
354.8				32205.9	30554.7	31258.6				33186.7	33124.3	31174.6				7633.65	7100.23	7639.93
354.9				32246.3	30593.2	31297.2				33340.5	33277	31319.5				7670.64	7134.39	7677.11
355				32286	30631.1	31335.1				33493.1	33428.3	31463.3				7707.34	7168.29	7713.99
355.1				32325.1	30668.4	31372.4				33644.3	33578.4	31605.7				7743.76	7201.92	7750.58
355.2				32363.6	30705	31409.1				33794.1	33727.1	31747				7779.88	7235.28	7786.89
355.3				32401.4	30741.1	31445.3				33942.7	33874.6	31887				7815.73	7268.37	7822.91
355.4				32438.7	30776.6	31480.8				34090.1	34020.8	32025.8				7851.29	7301.21	7858.66
355.5				32475.3	30811.6	31515.8				34236.2	34165.7	32163.5				7886.58	7333.79	7894.12
355.6				32511.4	30845.9	31550.2				34381	34309.4	32299.9				7921.6	7366.12	7929.32
355.7				32546.9	30879.8	31584				34524.6	34451.9	32435.2				7956.35	7398.2	7964.24
355.8				32581.8	30913	31617.3				34667	34593.1	32569.4				7990.83	7430.03	7998.9
355.9				32616.2	30945.8	31650.1				34808.2	34733.2	32702.4				8025.05	7461.61	8033.29
356				32650	30978	31682.3				34948.2	34872.1	32834.4				8059.02	7492.96	8067.43
356.1				32683.2	31009.7	31714				35087	35009.8	32965.2				8092.72	7524.06	8101.3
356.2				32716	31040.9	31745.2				35224.7	35146.3	33094.9				8126.17	7554.93	8134.93
356.3				32748.2	31071.6	31775.9				35361.2	35281.7	33223.6				8159.37	7585.56	8168.3
356.4				32779.9	31101.8	31806.1				35496.6	35416	33351.1				8192.32	7615.97	8201.42
356.5				32811.1	31131.6	31835.8				35630.9	35549.2	33477.7				8225.03	7646.14	8234.29
356.6				32841.8	31160.8	31865.1				35764	35681.3	33603.2				8257.49	7676.09	8266.93
356.7				32872.1	31189.6	31893.9				35896.1	35812.3	33727.6				8289.72	7705.82	8299.32
356.8				32901.8	31217.9	31922.2				36027.1	35942.2	33851				8321.7	7735.33	8331.47
356.9				32931	31245.8	31950				36157	36071	33973.5				8353.46	7764.61	8363.39
357				32959.8	31273.2	31977.4				36285.9	36198.8	34094.9				8384.98	7793.69	8395.08
357.1				32988.2	31300.2	32004.3				36413.7	36325.5	34215.3				8416.27	7822.54	8426.54
357.2				33016	31326.7	32030.9				36540.5	36451.2	34334.8				8447.33	7851.19	8457.76
357.3				33043.5	31352.8	32056.9				36666.3	36575.9	34453.3				8478.17	7879.63	8488.77
357.4				33070.5	31378.5	32082.6				36791	36699.5	34570.8				8508.79	7907.85	8519.55
357.5				33097	31403.8	32107.8				36914.7	36822.2	34687.4				8539.18	7935.88	8550.1
357.6				33123.1	31428.6	32132.6				37037.5	36943.9	34803.1				8569.36	7963.7	8580.45
357.7				33148.8	31453.1	32157.1				37159.2	37064.6	34917.8				8599.33	7991.32	8610.57
357.8				33174.1	31477.2	32181.1				37280	37184.3	35031.6				8629.08	8018.75	8640.48
357.9				33199	31500.8	32204.7				37399.9	37303.1	35144.5				8658.61	8045.97	8670.18
358				33223.5	31524.1	32227.9				37518.7	37420.9	35256.5				8687.94	8073	8699.67
358.1				33247.6	31547	32250.8				37636.7	37537.7	35367.6				8717.07	8099.84	8728.95
358.2				33271.2	31569.5	32273.2				37753.7	37653.7	35477.9				8745.98	8126.49	8758.02
358.3				33294.5	31591.6	32295.3				37869.7	37768.7	35587.2				8774.7	8152.95	8786.9
358.4				33317.4	31613.4	32317.1				37984.9	37882.8	35695.7				8803.21	8179.22	8815.57
358.5				33340	31634.8	32338.4				38099.1	37996	35803.4				8831.53	8205.31	8844.04
358.6				33362.1	31655.9	32359.4				38212.5	38108.3	35910.2				8859.65	8231.21	8872.31
358.7				33383.9	31676.6	32380.1				38325	38219.8	36016.2				8887.57	8256.93	8900.39
358.8				33405.3	31697	32400.4				38436.5	38330.3	36121.3				8915.3	8282.48	8928.27
358.9				33426.4	31717	32420.3				38547.2	38440	36225.6				8942.84	8307.84	8955.96
359				33447.1	31736.6	32439.9				38657.1	38548.8	36329.1				8970.19	8333.03	8983.47
359.1				33467.4	31756	32459.2				38766.1	38656.8	36431.8				8997.35	8358.04	9010.78
359.2				33487.5	31775	32478.1				38874.2	38763.9	36533.7				9024.32	8382.88	9037.91
359.3				33507.1	31793.6	32496.8				38981.5	38870.2	36634.8				9051.11	8407.55	9064.85
359.4				33526.5	31812	32515				39088	38975.6	36735.1				9077.72	8432.05	9091.61
359.5				33545.5	31830	32533				39193.7	39080.3	36834.7				9104.15	8456.38	9118.19
359.6				33564.1	31847.8	32550.7				39298.5	39184.1	36933.5				9130.4	8480.54	9144.58
359.7				33582.5	31865.2	32568				39402.5	39287.1	37031.5				9156.47	8504.54	9170.8
359.8				33600.5	31882.3	32585				39505.8	39389.3	37128.7				9182.36	8528.37	9196.85
359.9				33618.2	31899.1	32601.7				39608.2	39490.8	37225.2				9208.08	8552.05	9222.71
360				33635.6	31915.6	32618.2				39709.8	39591.4	37321				9233.63	8575.56	9248.41
360.1				33652.7	31931.8	32634.3				39810.7	39691.3	37416.1				9259.01	8598.91	9273.93
360.2				33669.5	31947.7	32650.1				39910.8	39790.4	37510.4				9284.21	8622.1	9299.28
360.3				33686	31963.3	32665.7				40010.1	39888.7	37604				9309.25	8645.14	9324.47
360.4				33702.2	31978.6	32680.9				40108.7	39986.3	37696.8				9334.12	8668.02	9349.48
360.5				33718	31993.7	32695.9				40206.5	40083.1	37789				9358.83	8690.75	9374.33
360.6				33733.6	32008.4	32710.6				40303.6	40179.2	37880.5				9383.37	8713.32	9399.02
360.7				33748.9	32022.9	32725				40400	40274.6	37971.2				9407.75	8735.75	9423.54
360.8				33764	32037.1	32739.1				40495.6	40369.2	38061.3				9431.97	8758.02	9447.9
360.9				33778.7	32051.1	32753				40590.4	40463.1	38150.7				9456.02	8780.14	9472.1
361				33793.2	32064.8	32766.6				40684.6	40556.3	38239.4				9479.92	8802.12	9496.15
361.1				33807.3	32078.2	32779.9				40778.1	40648.7	38327.4				9503.67	8823.95	9520.03
361.2				33821.3	32091.3	32793				40870.8	40740.5	38414.8				9527.25	8845.64	9543.76
361.3				33834.9	32104.2	32805.8				40962.8	40831.6	38501.5				9550.69	8867.18	9567.33
361.4				33848.3	32116.9	32818.4				41054.2	40922	38587.6				9573.97	8888.58	9590.74
361.5				33861.4	32129.3	32830.7				41144.8	41011.6	38673				9597.09	8909.84	9614.01
361.6				33874.2	32141.4	32842.7				41234.8	41100.6	38757.8				9620.07	8930.96	9637.12
361.7				33886.8	32153.3	32854.5				41324.1	41189	38841.9				9642.9	8951.94	9660.09
361.8				33899.2	32165	32866.1				41412.7	41276.6	38925.4				9665.58	8972.78	9682.91
361.9				33911.3	32176.4	32877.4				41500.7	41363.6	39008.2				9688.11	8993.49	9705.57
362				33923.1	32187.5	32888.5				41587.9	41450	39090.5				9710.5	9014.06	9728.1
362.1				33934.7	32198.4	32899.3				41674.6	41535.7	39172.1				9732.74	9034.49	9750.48
362.2				33946	32209.1	32909.9				41760.6	41620.7	39253.1				9754.84	9054.79	9772.71
362.3				33957.1	32219.6	32920.3				41845.9	41705.1	39333.5				9776.79	9074.96	9794.8
362.4				33968	32229.8	32930.5				41930.6	41788.8	39413.3				9798.61	9095	9816.75
362.5				33978.6	32239.8	32940.4				42014.7	41872	39492.5				9820.28	9114.9	9838.56
362.6				33989	32249.6	32950.1				42098.1	41954.5	39571.1				9841.82	9134.68	9860.23
362.7				33999.2	32259.2	32959.5				42180.9	42036.3	39649.1				9863.21	9154.33	9881.76
362.8				34009.1	32268.5	32968.8				42263.1	42117.6	39726.6				9884.48	9173.85	9903.16
362.9				34018.8	32277.6	32977.8				42344.7	42198.2	39803.4				9905.6	9193.25	9924.41
363				34028.3	32286.5	32986.6				42425.6	42278.3	39879.7				9926.59	9212.53	9945.54
363.1				34037.5	32295.2	32995.2				42506	42357.7	39955.4				9947.45	9231.67	9966.53
363.2				34046.6	32303.7	33003.6				42585.8	42436.5	40030.5				9968.17	9250.7	9987.38
363.3				34055.4	32312	33011.8				42664.9	42514.8	40105.1				9988.76	9269.6	10008.1
363.4				34064	32320	33019.7				42743.5	42592.4	40179.1				10009.2	9288.37	10028.7
363.5				34072.4	32327.9	33027.5				42821.5	42669.5	40252.6				10029.6	9307.03	10049.2
363.6				34080.6	32335.5	33035.1				42898.9	42745.9	40325.5				10049.8	9325.57	10069.5
363.7				34088.5	32343	33042.4				42975.7	42821.9	40397.9				10069.8	9343.99	10089.7
363.8				34096.3	32350.3	33049.6				43052	42897.2	40469.7				10089.8	9362.29	10109.8
363.9				34103.8	32357.3	33056.5				43127.6	42972	40541				10109.6	9380.47	10129.7
364				34111.2	32364.2	33063.3				43202.8	43046.2	40611.8				10129.3	9398.54	10149.5
364.1				34118.3	32370.8	33069.9				43277.3	43119.8	40682				10148.9	9416.49	10169.2
364.2				34125.3	32377.3	33076.2				43351.3	43192.9	40751.7				10168.3	9434.33	10188.8
364.3				34132	32383.6	33082.4				43424.8	43265.5	40820.9				10187.7	9452.05	10208.3
364.4				34138.6	32389.7	33088.4				43497.7	43337.5	40889.6				10206.8	9469.66	10227.6
364.5				34144.9	32395.6	33094.2				43570	43408.9	40957.7				10225.9	9487.16	10246.8
364.6				34151.1	32401.3	33099.9				43641.8	43479.8	41025.4				10244.9	9504.55	10265.9
364.7				34157.1	32406.9	33105.3				43713.1	43550.2	41092.5				10263.7	9521.82	10284.9
364.8				34162.9	32412.2	33110.6				43783.9	43620.1	41159.2				10282.5	9538.99	10303.7
364.9				34168.5	32417.4	33115.7				43854.1	43689.4	41225.3				10301.1	9556.05	10322.5
365				34173.9	32422.4	33120.6				43923.8	43758.2	41291				10319.6	9573	10341.1
365.1				34179.1	32427.2	33125.3				43993	43826.5	41356.2				10338	9589.84	10359.6
365.2				34184.2	32431.9	33129.9				44061.6	43894.3	41420.8				10356.2	9606.57	10378
365.3				34189	32436.4	33134.3				44129.8	43961.5	41485				10374.4	9623.2	10396.3
365.4				34193.7	32440.7	33138.5				44197.4	44028.3	41548.7				10392.4	9639.73	10414.4
365.5				34198.2	32444.8	33142.5				44264.5	44094.5	41612				10410.3	9656.15	10432.5
365.6				34202.6	32448.8	33146.4				44331.2	44160.3	41674.7				10428.2	9672.47	10450.4
365.7				34206.7	32452.6	33150.1				44397.3	44225.5	41737				10445.9	9688.68	10468.2
365.8				34210.7	32456.3	33153.6				44462.9	44290.3	41798.9				10463.5	9704.79	10486
365.9				34214.5	32459.7	33157				44528.1	44354.6	41860.2				10480.9	9720.8	10503.6
366				34218.2	32463	33160.2				44592.7	44418.4	41921.1				10498.3	9736.71	10521.1
366.1				34221.7	32466.2	33163.3				44656.9	44481.7	41981.6				10515.6	9752.52	10538.4
366.2				34225	32469.2	33166.2				44720.6	44544.5	42041.6				10532.8	9768.23	10555.7
366.3				34228.2	32472	33168.9				44783.8	44606.8	42101.1				10549.8	9783.84	10572.9
366.4				34231.2	32474.7	33171.5				44846.6	44668.7	42160.2				10566.8	9799.35	10590
366.5				34234	32477.2	33173.9				44908.8	44730.1	42218.9				10583.6	9814.77	10606.9
366.6				34236.7	32479.6	33176.2				44970.6	44791.1	42277.1				10600.3	9830.08	10623.8
366.7				34239.2	32481.8	33178.3				45032	44851.5	42334.9				10617	9845.31	10640.5
366.8				34241.5	32483.9	33180.3				45092.8	44911.6	42392.2				10633.5	9860.43	10657.2
366.9				34243.7	32485.8	33182.1				45153.3	44971.1	42449.1				10650	9875.46	10673.8
367				34245.8	32487.6	33183.8				45213.2	45030.2	42505.6				10666.3	9890.4	10690.2
367.1				34247.7	32489.2	33185.3				45272.7	45088.9	42561.6				10682.5	9905.24	10706.5
367.2				34249.4	32490.7	33186.7				45331.8	45147.1	42617.3				10698.6	9919.99	10722.8
367.3				34251	32492	33188				45390.4	45204.9	42672.5				10714.7	9934.65	10738.9
367.4				34252.4	32493.2	33189				45448.6	45262.2	42727.2				10730.6	9949.21	10755
367.5				34253.7	32494.3	33190				45506.3	45319.1	42781.6				10746.4	9963.69	10770.9
367.6				34254.8	32495.2	33190.8				45563.6	45375.5	42835.6				10762.2	9978.07	10786.8
367.7				34255.8	32496	33191.5				45620.4	45431.5	42889.1				10777.8	9992.37	10802.5
367.8				34256.7	32496.6	33192				45676.9	45487.1	42942.3				10793.4	10006.6	10818.2
367.9				34257.4	32497.1	33192.4				45732.9	45542.3	42995				10808.8	10020.7	10833.8
368				34258	32497.4	33192.7				45788.4	45597	43047.4				10824.2	10034.7	10849.2
368.1				34258.4	32497.7	33192.8				45843.6	45651.3	43099.3				10839.4	10048.6	10864.6
368.2				34258.7	32497.7	33192.8				45898.3	45705.2	43150.9				10854.6	10062.5	10879.9
368.3				34258.8	32497.7	33192.6				45952.6	45758.7	43202				10869.7	10076.3	10895.1
368.4				34258.9	32497.5	33192.4				46006.5	45811.8	43252.8				10884.6	10089.9	10910.1
368.5				34258.7	32497.2	33191.9				46060	45864.5	43303.1				10899.5	10103.5	10925.1
368.6				34258.5	32496.8	33191.4				46113.1	45916.7	43353.1				10914.3	10117	10940.1
368.7				34258.1	32496.2	33190.7				46165.8	45968.6	43402.7				10929	10130.5	10954.9
368.8				34257.6	32495.5	33190				46218	46020	43452				10943.6	10143.8	10969.6
368.9				34256.9	32494.7	33189				46269.9	46071	43500.8				10958.2	10157.1	10984.2
369				34256.1	32493.8	33188				46321.4	46121.7	43549.3				10972.6	10170.2	10998.8
369.1				34255.2	32492.7	33186.8				46372.4	46171.9	43597.4				10986.9	10183.3	11013.2
369.2				34254.1	32491.5	33185.5				46423.1	46221.8	43645.1				11001.2	10196.3	11027.6
369.3				34253	32490.2	33184.1				46473.4	46271.3	43692.5				11015.4	10209.3	11041.9
369.4				34251.7	32488.8	33182.6				46523.3	46320.4	43739.5				11029.5	10222.1	11056.1
369.5				34250.2	32487.2	33180.9				46572.8	46369.1	43786.1				11043.4	10234.9	11070.2
369.6				34248.7	32485.5	33179.2				46621.9	46417.4	43832.4				11057.4	10247.6	11084.2
369.7				34247	32483.7	33177.3				46670.7	46465.3	43878.3				11071.2	10260.2	11098.1
369.8				34245.2	32481.8	33175.3				46719	46512.9	43923.8				11084.9	10272.7	11112
369.9				34243.3	32479.8	33173.2				46767	46560.1	43969				11098.6	10285.1	11125.7
370				34241.3	32477.7	33170.9				46814.6	46606.9	44013.8				11112.1	10297.5	11139.4
370.1				34231.9	32475.4	33168.6				46852	46653.3	44058.3				11125.8	10309.8	11153
370.2				34229.6	32473	33166.1				46898.8	46699.4	44102.5				11139.2	10322	11166.5
370.3				34227.2	32470.5	33163.5				46945.3	46745.1	44146.3				11152.5	10334.1	11179.9
370.4				34224.7	32467.9	33160.8				46991.5	46790.5	44189.7				11165.8	10346.2	11193.3
370.5				34222.1	32465.2	33158				47037.3	46835.4	44232.8				11178.9	10358.2	11206.5
370.6				34219.4	32462.4	33155.1				47082.7	46880.1	44275.6				11192	10370.1	11219.7
370.7				34216.5	32459.5	33152.1				47127.7	46924.3	44318				11205	10381.9	11232.8
370.8				34213.6	32456.5	33149				47172.4	46968.3	44360.1				11217.9	10393.7	11245.8
370.9				34210.5	32453.3	33145.7				47216.8	47011.8	44401.9				11230.8	10405.4	11258.8
371				34207.3	32450.1	33142.4				47260.8	47055	44443.3				11243.5	10417	11271.6
371.1				34204	32446.7	33138.9				47304.4	47097.9	44484.4				11256.2	10428.5	11284.4
371.2				34200.6	32443.3	33135.4				47347.7	47140.4	44525.2				11268.8	10440	11297.1
371.3				34197.1	32439.7	33131.7				47390.7	47182.6	44565.7				11281.3	10451.4	11309.8
371.4				34193.5	32436	33128				47433.3	47224.4	44605.8				11293.8	10462.7	11322.3
371.5				34189.8	32432.3	33124.1				47475.6	47265.9	44645.6				11306.1	10474	11334.8
371.6				34185.9	32428.4	33120.1				47517.5	47307.1	44685.1				11318.4	10485.2	11347.2
371.7				34182	32424.4	33116.1				47559.1	47347.9	44724.2				11330.6	10496.3	11359.5
371.8				34178	32420.4	33111.9				47600.4	47388.4	44763.1				11342.8	10507.3	11371.7
371.9				34173.8	32416.2	33107.6				47641.3	47428.5	44801.6				11354.8	10518.3	11383.9
372				34169.6	32411.9	33103.3				47681.9	47468.4	44839.9				11366.8	10529.4	11396
372.1				34165.2	32407.6	33098.8				47722.1	47507.9	44877.8				11378.7	10540.2	11408
372.2				34160.8	32403.1	33094.3				47762.1	47547	44915.4				11390.6	10551	11420.9
372.3				34156.2	32398.5	33089.6				47801.7	47585.9	44952.7				11402.3	10561.7	11432.8
372.4				34151.6	32393.9	33084.9				47841	47624.4	44989.7				11414	10572.3	11444.6
372.5				34146.8	32389.1	33080				47880	47662.6	45026.4				11425.7	10582.8	11456.3
372.6				34142	32384.3	33075.1				47918.6	47700.5	45062.8				11437.2	10593.3	11467.9
372.7				34137	32379.4	33070				47956.9	47738.1	45098.9				11448.7	10603.8	11479.5
372.8				34132	32374.3	33064.9				47995	47775.3	45134.6				11460.1	10614.1	11491
372.9				34126.9	32369.2	33059.7				48032.7	47812.3	45170.1				11471.4	10624.4	11502.5
373				34121.6	32364	33054.4				48070.1	47848.9	45205.4				11482.7	10634.6	11513.9
373.1				34116.3	32358.7	33049				48107.1	47885.2	45240.3				11493.9	10644.8	11525.2
373.2				34110.9	32353.3	33043.5				48143.9	47921.2	45274.9				11505	10654.9	11536.4
373.3				34105.4	32347.8	33037.9				48180.4	47957	45309.2				11516.1	10664.9	11547.6
373.4				34099.8	32342.2	33032.3				48216.5	47992.4	45343.3				11527.1	10674.9	11558.7
373.5				34094.1	32336.6	33026.5				48252.4	48027.5	45377				11538	10684.8	11569.7
373.6				34088.3	32330.8	33020.7				48288	48062.3	45410.5				11548.8	10694.6	11580.6
373.7				34082.4	32325	33014.7				48323.2	48096.8	45443.7				11559.6	10704.4	11591.5
373.8				34076.4	32319.1	33008.7				48358.2	48131	45476.6				11570.3	10714.1	11602.3
373.9				34070.4	32313.1	33002.6				48392.8	48164.9	45509.2				11581	10723.8	11613.1
374				34064.2	32307	32996.5				48427.2	48198.6	45541.6				11591.5	10733.4	11623.8
374.1				34058	32300.8	32990.2				48461.3	48231.9	45573.7				11602	10742.9	11634.4
374.2				34051.7	32294.6	32983.8				48495.1	48264.9	45605.5				11612.5	10752.4	11644.9
374.3				34045.3	32288.2	32977.4				48528.6	48297.7	45637				11622.9	10761.8	11655.4
374.4				34038.8	32281.8	32970.9				48561.8	48330.2	45668.3				11633.2	10771.1	11665.8
374.5				34032.2	32275.3	32964.3				48594.7	48362.4	45699.3				11643.4	10780.4	11676.1
374.6				34025.5	32268.7	32957.6				48627.3	48394.3	45730				11653.6	10789.6	11686.4
374.7				34018.8	32262	32950.9				48659.7	48425.9	45760.5				11663.7	10798.8	11696.6
374.8				34012	32255.3	32944				48691.8	48457.2	45790.7				11673.8	10807.9	11706.8
374.9				34005.1	32248.5	32937.1				48723.6	48488.3	45820.6				11683.8	10816.9	11716.9
375				33998.1	32241.6	32930.1				48755.1	48519.1	45850.2				11693.7	10825.9	11726.9
375.1				33991	32234.6	32923.1				48786.3	48549.6	45879.7				11703.6	10834.8	11736.8
375.2				33983.8	32227.5	32915.9				48817.3	48579.8	45908.8				11713.4	10843.7	11746.7
375.3				33976.6	32220.4	32908.7				48848	48609.8	45937.7				11723.1	10852.5	11756.6
375.4				33969.3	32213.2	32901.4				48878.4	48639.5	45966.3				11732.8	10861.3	11766.3
375.5				33961.9	32205.9	32894				48908.5	48668.9	45994.7				11742.4	10869.9	11776.1
375.6				33954.4	32198.5	32886.5				48938.4	48698.1	46022.8				11751.9	10878.6	11785.7
375.7				33946.9	32191.1	32879				48968	48726.9	46050.7				11761.4	10887.2	11795.3
375.8				33939.2	32183.6	32871.4				48997.4	48755.6	46078.3				11770.9	10895.7	11804.8
375.9				33931.5	32176	32863.7				49026.5	48783.9	46105.7				11780.2	10904.2	11814.3
376				33923.7	32168.4	32856				49055.3	48812	46132.8				11789.5	10912.6	11823.7
376.1				33915.9	32160.6	32848.2				49083.8	48839.9	46159.7				11798.8	10920.9	11833
376.2				33908	32152.8	32840.3				49112.1	48867.5	46186.3				11808	10929.2	11842.3
376.3				33900	32145	32832.3				49140.2	48894.8	46212.7				11817.1	10937.5	11851.5
376.4				33891.9	32137	32824.3				49168	48921.8	46238.9				11826.2	10945.7	11860.7
376.5				33883.7	32129	32816.2				49195.5	48948.7	46264.8				11835.2	10953.8	11869.8
376.6				33875.5	32120.9	32808				49222.8	48975.2	46290.4				11844.2	10961.9	11878.9
376.7				33867.2	32112.8	32799.8				49249.8	49001.5	46315.9				11853.1	10969.9	11887.8
376.8				33858.8	32104.5	32791.5				49276.5	49027.6	46341				11861.9	10977.9	11896.8
376.9				33850.4	32096.2	32783.1				49303.1	49053.4	46366				11870.7	10985.8	11905.6
377				33841.9	32087.9	32774.6				49329.3	49078.9	46390.7				11879.4	10993.7	11914.5
377.1				33833.3	32079.5	32766.1				49355.3	49104.3	46415.2				11888.1	11001.5	11923.2
377.2				33824.6	32071	32757.5				49381.1	49129.3	46439.5				11896.7	11009.3	11931.9
377.3				33815.9	32062.4	32748.9				49406.7	49154.2	46463.5				11905.2	11017	11940.6
377.4				33807.1	32053.8	32740.2				49431.9	49178.7	46487.3				11913.7	11024.6	11949.2
377.5				33798.3	32045.1	32731.4				49457	49203.1	46510.8				11922.2	11032.2	11957.7
377.6				33789.3	32036.3	32722.6				49481.8	49227.2	46534.2				11930.6	11039.8	11966.2
377.7				33780.3	32027.5	32713.7				49506.3	49251	46557.3				11938.9	11047.3	11974.6
377.8				33771.3	32018.6	32704.7				49530.7	49274.7	46580.2				11947.2	11054.7	11983
377.9				33762.2	32009.7	32695.7				49554.8	49298.1	46602.8				11955.4	11062.1	11991.3
378				33753	32000.7	32686.6				49578.6	49321.2	46625.3				11963.6	11069.5	11999.5
378.1				33743.7	31991.6	32681.2				49602.2	49344.1	46653				11971.7	11076.8	12007.7
378.2				33734.4	31982.5	32672				49625.6	49366.8	46675				11979.7	11084	12015.9
378.3				33725	31973.3	32662.7				49648.7	49389.3	46696.7				11987.7	11091.2	12024
378.4				33715.5	31964	32653.3				49671.7	49411.5	46718.3				11995.7	11098.4	12032
378.5				33706	31954.7	32643.9				49694.4	49433.5	46739.6				12003.6	11105.5	12040
378.6				33696.4	31945.3	32634.4				49716.8	49455.3	46760.7				12011.4	11112.6	12047.9
378.7				33686.8	31935.9	32624.9				49739.1	49476.8	46781.6				12019.2	11119.6	12055.8
378.8				33677.1	31926.4	32615.3				49761.1	49498.2	46802.2				12027	11126.5	12063.6
378.9				33667.3	31916.8	32605.6				49782.8	49519.3	46822.7				12034.7	11133.4	12071.4
379				33657.5	31907.2	32595.9				49804.4	49540.1	46843				12042.3	11140.3	12079.1
379.1				33647.6	31897.5	32586.1				49825.7	49560.8	46863				12049.9	11147.1	12086.8
379.2				33637.7	31887.8	32576.2				49846.9	49581.2	46882.8				12057.4	11153.9	12094.4
379.3				33627.7	31878	32568				49867.8	49601.5	46904.9				12064.9	11160.6	12102
379.4				33617.6	31868.1	32558.1				49888.4	49621.5	46924.3				12072.3	11167.3	12109.5
379.5				33607.5	31858.2	32548.1				49908.9	49641.2	46943.5				12079.7	11173.9	12117
379.6				33597.3	31848.3	32538				49929.1	49660.8	46962.6				12087.1	11180.5	12124.4
379.7				33587	31838.3	32527.9				49949.2	49680.2	46981.4				12094.3	11187	12131.8
379.8				33576.7	31828.2	32517.7				49969	49699.3	47000				12101.6	11193.5	12139.1
379.9				33566.4	31818.1	32507.5				49988.6	49718.2	47018.4				12108.8	11199.9	12146.4
380				33556	31807.9	32497.2				50008	49736.9	47036.6				12115.9	11206.3	12153.6
