# Compute m_ttbar distribution dxsection/dm_ttbar (pb/GeV) of PP > ttbar. Energy and mass in GeV, xsection in pb.
# Parameters: alphaS(ScaleR) = 0.107655, m_t = 172.5, PDFset = NNPDF31_nnlo_as_0118_notop, PDFmember = 0, ScaleF = 172.5, ScaleR = 172.5, sqrt(s_hadron) = 13000, MZ = 91.2, vev = 246.22, RelativeError = 0.01, DynamicScalingChoice = 0, ScaleUncertainty = (0.5,2)
# m_ttbar (GeV) 				 gg > singlet 	 [lower , 	 upper] 				 gg > octet 	 [lower , 	 upper] 				 qq > octet 	 [lower , 	 upper]
335				0.0455641	0.0515653	0.0373368				0.061446	0.0728157	0.0489081				0.0125878	0.0129611	0.011515
335.1				0.0458228	0.0518559	0.0375498				0.0616237	0.0730262	0.049049				0.0126266	0.0130009	0.0115504
335.2				0.0460866	0.0521523	0.037767				0.0618044	0.0732403	0.0491924				0.012666	0.0130415	0.0115863
335.3				0.0463556	0.0524544	0.0379885				0.0619882	0.0734582	0.0493382				0.012706	0.0130827	0.0116228
335.4				0.04663	0.0527627	0.0382143				0.0621753	0.0736799	0.0494866				0.0127467	0.0131245	0.01166
335.5				0.0469099	0.0530771	0.0384448				0.0623656	0.0739056	0.0496376				0.0127882	0.0131672	0.0116977
335.6				0.0471955	0.0533979	0.0386799				0.0625593	0.0741352	0.0497913				0.0128303	0.0132105	0.0117361
335.7				0.047487	0.0537253	0.0389198				0.0627565	0.074369	0.0499477				0.0128731	0.0132546	0.0117752
335.8				0.0477844	0.0540595	0.0391647				0.0629572	0.0746069	0.0501069				0.0129167	0.0132994	0.011815
335.9				0.0480881	0.0544007	0.0394147				0.0631616	0.0748492	0.050269				0.0129611	0.0133451	0.0118554
336				0.0483982	0.0547491	0.03967				0.0633696	0.0750959	0.050434				0.0130063	0.0133915	0.0118965
336.1				0.0487149	0.0551049	0.0399307				0.0635815	0.0753471	0.0506021				0.0130522	0.0134388	0.0119384
336.2				0.0490384	0.0554683	0.040197				0.0637973	0.075603	0.0507732				0.013099	0.0134869	0.011981
336.3				0.049369	0.0558397	0.0404691				0.0640171	0.0758637	0.0509476				0.0131466	0.0135359	0.0120244
336.4				0.0497068	0.0562192	0.0407472				0.064241	0.0761293	0.0511252				0.013195	0.0135858	0.0120686
336.5				0.0500521	0.0566071	0.0410315				0.0644692	0.0763999	0.0513061				0.0132444	0.0136365	0.0121136
336.6				0.0504051	0.0570037	0.0413221				0.0647016	0.0766756	0.0514904				0.0132946	0.0136883	0.0121594
336.7				0.0507661	0.0574093	0.0416193				0.0649385	0.0769567	0.0516783				0.0133458	0.013741	0.012206
336.8				0.0511354	0.0578242	0.0419233				0.06518	0.0772431	0.0518698				0.0133979	0.0137946	0.0122535
336.9				0.0515132	0.0582487	0.0422344				0.0654262	0.0775352	0.052065				0.013451	0.0138493	0.012302
337				0.0518999	0.0586831	0.0425527				0.0656773	0.0778331	0.0522641				0.0135051	0.0139051	0.0123513
337.1				0.0522957	0.0591278	0.0428786				0.0659333	0.0781368	0.0524671				0.0135603	0.0139619	0.0124016
337.2				0.052701	0.0595832	0.0432123				0.0661944	0.0784467	0.0526741				0.0136165	0.0140199	0.0124528
337.3				0.0531161	0.0600495	0.043554				0.0664607	0.0787627	0.0528853				0.0136739	0.0140789	0.0125051
337.4				0.0535413	0.0605273	0.0439041				0.0667325	0.0790853	0.0531007				0.0137324	0.0141392	0.0125584
337.5				0.0539771	0.061017	0.0442629				0.0670098	0.0794144	0.0533206				0.013792	0.0142006	0.0126128
337.6				0.0544238	0.0615189	0.0446307				0.0672928	0.0797504	0.053545				0.0138528	0.0142634	0.0126682
337.7				0.0548818	0.0620335	0.0450078				0.0675818	0.0800934	0.053774				0.0139149	0.0143274	0.0127248
337.8				0.0553517	0.0625614	0.0453946				0.0678769	0.0804437	0.0540079				0.0139783	0.0143926	0.0127825
337.9				0.0558337	0.063103	0.0457915				0.0681782	0.0808015	0.0542468				0.0140429	0.0144593	0.0128415
338				0.0563284	0.0636588	0.0461989				0.068486	0.0811669	0.0544907				0.014109	0.0145274	0.0129016
338.1				0.0568363	0.0642295	0.0466171				0.0688004	0.0815403	0.0547399				0.0141764	0.0145969	0.0129631
338.2				0.057358	0.0648156	0.0470466				0.0691218	0.0819219	0.0549946				0.0142452	0.0146679	0.0130258
338.3				0.0578939	0.0654178	0.0474879				0.0694503	0.082312	0.0552549				0.0143163	0.0147404	0.0130899
338.4				0.0584447	0.0660366	0.0479415				0.0697861	0.0827109	0.0555211				0.0143882	0.0148145	0.0131554
338.5				0.0590111	0.0666729	0.0484078				0.0701295	0.0831188	0.0557932				0.0144617	0.0148903	0.0132223
338.6				0.0595935	0.0673274	0.0488874				0.0704807	0.083536	0.0560715				0.0145368	0.0149678	0.0132908
338.7				0.0601928	0.0680007	0.0493809				0.0708401	0.083963	0.0563562				0.0146137	0.015047	0.0133608
338.8				0.0608097	0.0686938	0.0498889				0.0712079	0.0843999	0.0566476				0.0146923	0.0151281	0.0134323
338.9				0.061445	0.0694076	0.050412				0.0715843	0.0848472	0.0569459				0.0147727	0.0152111	0.0135056
339				0.0620994	0.0701429	0.050951				0.0719698	0.0853052	0.0572512				0.014855	0.015296	0.0135805
339.1				0.062774	0.0709007	0.0515064				0.0723646	0.0857744	0.0575639				0.0149393	0.0153829	0.0136573
339.2				0.0634695	0.0716821	0.0520792				0.072769	0.0862551	0.0578843				0.0150256	0.015472	0.0137358
339.3				0.0641869	0.0724882	0.0526701				0.0731835	0.0867478	0.0582126				0.015114	0.0155632	0.0138163
339.4				0.0649274	0.0733201	0.0532799				0.0736084	0.0872529	0.0585491				0.0152045	0.0156566	0.0138988
339.5				0.0656921	0.0741792	0.0539097				0.0740441	0.0877709	0.0588942				0.0152974	0.0157525	0.0139833
339.6				0.0664821	0.0750667	0.0545603				0.074491	0.0883022	0.0592481				0.0153926	0.0158507	0.0140699
339.7				0.0672987	0.0759841	0.0552328				0.0749496	0.0888476	0.0596112				0.0154902	0.0159515	0.0141588
339.8				0.0681432	0.0769329	0.0559284				0.0754204	0.0894073	0.0599839				0.0155904	0.016055	0.01425
339.9				0.0690172	0.0779147	0.0566482				0.0759037	0.0899822	0.0603666				0.0156933	0.0161611	0.0143436
340				0.0699221	0.0789313	0.0573936				0.0764002	0.0905728	0.0607596				0.0157988	0.0162702	0.0144396
340.1				0.0708596	0.0799845	0.0581658				0.0769104	0.0911797	0.0611635				0.0159073	0.0163822	0.0145383
340.2				0.0718315	0.0810763	0.0589663				0.0774349	0.0918037	0.0615786				0.0160188	0.0164973	0.0146397
340.3				0.0728397	0.0822089	0.0597968				0.0779743	0.0924455	0.0620055				0.0161333	0.0166157	0.014744
340.4				0.0738862	0.0833845	0.0606588				0.0785293	0.0931059	0.0624447				0.0162512	0.0167374	0.0148511
340.5				0.0749733	0.0846056	0.0615543				0.0791005	0.0937857	0.0628967				0.0163724	0.0168627	0.0149614
340.6				0.0761033	0.0858749	0.0624852				0.0796887	0.0944859	0.0633621				0.0164972	0.0169917	0.0150749
340.7				0.0772787	0.0871953	0.0634535				0.0802947	0.0952072	0.0638415				0.0166258	0.0171245	0.0151918
340.8				0.0785024	0.0885698	0.0644616				0.0809193	0.0959509	0.0643355				0.0167582	0.0172614	0.0153122
340.9				0.0797773	0.0900018	0.0655119				0.0815634	0.0967179	0.064845				0.0168947	0.0174026	0.0154364
341				0.0811066	0.0914949	0.0666071				0.082228	0.0975093	0.0653706				0.0170356	0.0175482	0.0155644
341.1				0.0824938	0.093053	0.06775				0.082914	0.0983264	0.0659131				0.0171809	0.0176985	0.0156964
341.2				0.0839428	0.0946803	0.0689438				0.0836226	0.0991706	0.0664733				0.0173309	0.0178537	0.0158328
341.3				0.0854575	0.0963816	0.0701918				0.0843549	0.100043	0.0670523				0.0174859	0.018014	0.0159737
341.4				0.0870426	0.0981617	0.0714978				0.0851122	0.100945	0.0676508				0.0176462	0.0181798	0.0161193
341.5				0.0887028	0.100026	0.0728658				0.0858958	0.101879	0.0682701				0.017812	0.0183514	0.0162699
341.6				0.0904434	0.101981	0.0743001				0.0867071	0.102847	0.0689113				0.0179835	0.0185289	0.0164257
341.7				0.0922704	0.104033	0.0758056				0.0875477	0.103849	0.0695754				0.0181612	0.0187129	0.0165871
341.8				0.0941899	0.106188	0.0773874				0.0884192	0.104888	0.0702639				0.0183454	0.0189036	0.0167543
341.9				0.0962091	0.108456	0.0790513				0.0893234	0.105966	0.070978				0.0185365	0.0191014	0.0169278
342				0.0983353	0.110843	0.0808036				0.0902622	0.107086	0.0717195				0.0187348	0.0193068	0.0171078
342.1				0.100577	0.11336	0.0826512				0.0912378	0.10825	0.0724897				0.0189408	0.0195203	0.0172947
342.2				0.102944	0.116018	0.0846016				0.0922524	0.109461	0.0732906				0.0191549	0.0197422	0.017489
342.3				0.105445	0.118826	0.0866631				0.0933083	0.110722	0.074124				0.0193778	0.0199732	0.0176912
342.4				0.108092	0.121798	0.0888449				0.0944083	0.112035	0.0749921				0.0196099	0.0202138	0.0179017
342.5				0.110897	0.124947	0.0911572				0.0955553	0.113405	0.0758969				0.0198518	0.0204646	0.0181211
342.6				0.113874	0.128289	0.0936109				0.0967523	0.114835	0.0768411				0.0201042	0.0207264	0.0183499
342.7				0.117037	0.13184	0.0962184				0.0980029	0.116329	0.0778272				0.0203678	0.0209999	0.0185888
342.8				0.120403	0.135619	0.0989931				0.0993106	0.117892	0.0788582				0.0206434	0.0212859	0.0188386
342.9				0.12399	0.139645	0.10195				0.10068	0.119529	0.0799373				0.0209319	0.0215854	0.0190999
343				0.127817	0.143941	0.105105				0.102115	0.121244	0.0810679				0.0212341	0.0218992	0.0193736
343.1				0.131907	0.148532	0.108477				0.10362	0.123045	0.0822539				0.0215511	0.0222285	0.0196607
343.2				0.136283	0.153443	0.112085				0.105202	0.124938	0.0834995				0.0218841	0.0225745	0.0199621
343.3				0.14097	0.158705	0.11595				0.106865	0.126929	0.0848094				0.0222343	0.0229385	0.020279
343.4				0.145998	0.164348	0.120096				0.108618	0.129027	0.0861886				0.0226031	0.0233218	0.0206127
343.5				0.151397	0.170406	0.124547				0.110466	0.13124	0.0876429				0.0229919	0.0237262	0.0209643
343.6				0.157197	0.176916	0.12933				0.112418	0.133579	0.0891785				0.0234026	0.0241534	0.0213356
343.7				0.163433	0.183914	0.134472				0.114483	0.136053	0.0908025				0.0238368	0.0246053	0.0217282
343.8				0.17014	0.19144	0.140003				0.11667	0.138676	0.0925226				0.0242968	0.0250841	0.0221439
343.9				0.177351	0.199531	0.145949				0.118992	0.141459	0.0943476				0.024785	0.0255922	0.0225849
344				0.185098	0.208225	0.152339				0.12146	0.144418	0.096287				0.0253036	0.0261323	0.0230534
344.1				0.193412	0.217553	0.159195				0.124087	0.147569	0.0983517				0.0258557	0.0267073	0.0235521
344.2				0.202315	0.227543	0.166537				0.126889	0.15093	0.100553				0.0264444	0.0273205	0.0240838
344.3				0.21182	0.238208	0.174377				0.129882	0.15452	0.102905				0.0270732	0.0279753	0.0246516
344.4				0.22193	0.249552	0.182714				0.133083	0.158359	0.105421				0.0277456	0.0286757	0.025259
344.5				0.23263	0.261557	0.191538				0.136512	0.162471	0.108116				0.0284657	0.0294255	0.0259095
344.6				0.243884	0.274185	0.200819				0.140187	0.166876	0.111006				0.0292374	0.0302288	0.0266069
344.7				0.255636	0.287373	0.21051				0.144126	0.171596	0.114105				0.0300646	0.0310895	0.0273548
344.8				0.267809	0.301033	0.220547				0.148348	0.176652	0.117427				0.0309509	0.0320113	0.0281565
344.9				0.280303	0.315054	0.230849				0.152866	0.182058	0.120985				0.0318994	0.032997	0.0290149
345				0.293003	0.329306	0.241319				0.157689	0.187826	0.124786				0.0329119	0.0340485	0.0299321
345.1				0.305782	0.343651	0.251853				0.162822	0.193959	0.128834				0.0339895	0.0351667	0.0309088
345.2				0.318516	0.357945	0.262349				0.168261	0.200453	0.133128				0.0351314	0.0363507	0.0319448
345.3				0.331082	0.372054	0.272705				0.173996	0.207295	0.137659				0.0363357	0.0375982	0.0330381
345.4				0.343375	0.385857	0.282833				0.180011	0.214464	0.142414				0.0375986	0.0389055	0.0341856
345.5				0.355304	0.399255	0.292661				0.186281	0.221931	0.147375				0.0389155	0.0402675	0.035383
345.6				0.366802	0.412171	0.302131				0.19278	0.229665	0.15252				0.0402805	0.0416782	0.0366251
345.7				0.377822	0.424551	0.311204				0.199475	0.237627	0.157825				0.0416872	0.043131	0.037906
345.8				0.388334	0.436364	0.319858				0.206336	0.245781	0.163264				0.043129	0.044619	0.0392197
345.9				0.398327	0.447596	0.328083				0.213331	0.254088	0.168812				0.0445993	0.0461355	0.04056
346				0.407802	0.458249	0.335879				0.220429	0.262514	0.174445				0.0460916	0.047674	0.0419211
346.1				0.416771	0.468335	0.343257				0.227601	0.271024	0.18014				0.0476002	0.0492283	0.0432976
346.2				0.425253	0.477875	0.350232				0.234823	0.279588	0.185876				0.0491195	0.0507931	0.0446846
346.3				0.433269	0.486893	0.356823				0.242071	0.28818	0.191636				0.050645	0.0523636	0.0460777
346.4				0.440846	0.49542	0.36305				0.249325	0.296777	0.197402				0.0521723	0.0539353	0.0474729
346.5				0.448011	0.503484	0.368938				0.256569	0.305357	0.203161				0.053698	0.0555048	0.048867
346.6				0.454791	0.511117	0.374507				0.263787	0.313906	0.208902				0.0552189	0.057069	0.0502571
346.7				0.461211	0.518347	0.37978				0.270968	0.322407	0.214615				0.0567325	0.0586252	0.0516409
346.8				0.467298	0.525203	0.384777				0.278101	0.33085	0.22029				0.0582367	0.0601712	0.0530164
346.9				0.473076	0.531711	0.389519				0.285179	0.339225	0.225923				0.0597297	0.0617055	0.054382
347				0.478566	0.537897	0.394024				0.292193	0.347523	0.231506				0.0612101	0.0632264	0.0557363
347.1				0.483789	0.543784	0.398309				0.299139	0.35574	0.237037				0.0626768	0.064733	0.0570782
347.2				0.488766	0.549394	0.40239				0.306014	0.363869	0.24251				0.0641289	0.0662243	0.058407
347.3				0.493512	0.554745	0.406282				0.312812	0.371908	0.247924				0.0655657	0.0676995	0.059722
347.4				0.498045	0.559856	0.409997				0.319533	0.379853	0.253277				0.0669867	0.0691583	0.0610227
347.5				0.502379	0.564745	0.413549				0.326174	0.387702	0.258567				0.0683915	0.0706002	0.0623087
347.6				0.506529	0.569425	0.416949				0.332734	0.395455	0.263793				0.0697798	0.072025	0.0635797
347.7				0.510506	0.573912	0.420206				0.339212	0.403111	0.268954				0.0711515	0.0734326	0.0648357
347.8				0.514321	0.578217	0.423331				0.345609	0.410669	0.274051				0.0725065	0.0748228	0.0660766
347.9				0.517986	0.582353	0.426331				0.351923	0.418129	0.279083				0.0738449	0.0761958	0.0673023
348				0.52151	0.58633	0.429216				0.358156	0.425492	0.284051				0.0751666	0.0775515	0.0685128
348.1				0.524901	0.590158	0.431991				0.364309	0.432758	0.288954				0.0764718	0.0788901	0.0697083
348.2				0.528168	0.593846	0.43465				0.37038	0.439929	0.293785				0.0777607	0.0802118	0.0708889
348.3				0.531317	0.597402	0.437226				0.376373	0.447005	0.298561				0.0790332	0.0815167	0.0720548
348.4				0.534357	0.600835	0.439711				0.382286	0.453987	0.303275				0.0802898	0.082805	0.073206
348.5				0.537292	0.60415	0.442111				0.388123	0.460878	0.307928				0.0815305	0.0840769	0.0743427
348.6				0.540129	0.607354	0.444431				0.393882	0.467677	0.31252				0.0827557	0.0853328	0.0754653
348.7				0.542873	0.610454	0.446673				0.399567	0.474387	0.317052				0.0839654	0.0865727	0.0765738
348.8				0.545529	0.613454	0.448844				0.405178	0.48101	0.321526				0.0851601	0.087797	0.0776686
348.9				0.548102	0.61636	0.450945				0.410715	0.487545	0.325942				0.0863398	0.089006	0.0787497
349				0.550595	0.619177	0.452982				0.416181	0.493996	0.3303				0.087505	0.0901999	0.0798175
349.1				0.553013	0.621909	0.454956				0.421577	0.500363	0.334603				0.0886557	0.0913789	0.0808722
349.2				0.555359	0.62456	0.456872				0.426904	0.506648	0.338851				0.0897924	0.0925434	0.081914
349.3				0.557637	0.627134	0.458731				0.432163	0.512853	0.343045				0.0909152	0.0936936	0.0829432
349.4				0.559849	0.629634	0.460537				0.437355	0.518978	0.347187				0.0920243	0.0948297	0.0839599
349.5				0.561999	0.632064	0.462292				0.442481	0.525026	0.351276				0.0931201	0.0959521	0.0849644
349.6				0.564089	0.634426	0.463997				0.447544	0.530997	0.355314				0.0942028	0.0970609	0.0859569
349.7				0.566123	0.636725	0.465656				0.452543	0.536894	0.359302				0.0952726	0.0981564	0.0869376
349.8				0.568101	0.638961	0.46727				0.457481	0.542717	0.36324				0.0963298	0.0992389	0.0879068
349.9				0.570028	0.641139	0.468841				0.462358	0.548469	0.367131				0.0973745	0.100309	0.0888646
350				0.571904	0.64326	0.470371				0.467175	0.554149	0.370974				0.0984071	0.101366	0.0898113
350.1				0.573732	0.645326	0.471862				0.471934	0.559761	0.37477				0.0994277	0.102411	0.0907471
350.2				0.575514	0.64734	0.473314				0.476635	0.565304	0.378521				0.100437	0.103443	0.0916722
350.3				0.57725	0.649304	0.474729				0.48128	0.57078	0.382227				0.101434	0.104464	0.0925867
350.4				0.578944	0.651219	0.47611				0.48587	0.576191	0.385889				0.10242	0.105474	0.0934909
350.5				0.580597	0.653087	0.477456				0.490405	0.581537	0.389507				0.103395	0.106471	0.0943849
350.6				0.58221	0.65491	0.47877				0.494887	0.586821	0.393083				0.104359	0.107458	0.095269
350.7				0.583784	0.656689	0.480052				0.499317	0.592042	0.396618				0.105312	0.108434	0.0961433
350.8				0.585321	0.658427	0.481304				0.503695	0.597202	0.400111				0.106255	0.109398	0.0970079
350.9				0.586822	0.660124	0.482526				0.508022	0.602302	0.403565				0.107188	0.110352	0.0978631
351				0.588288	0.661781	0.48372				0.5123	0.607343	0.406978				0.10811	0.111296	0.0987091
351.1				0.58972	0.663401	0.484886				0.516529	0.612326	0.410353				0.109023	0.112229	0.0995459
351.2				0.59112	0.664984	0.486026				0.52071	0.617253	0.41369				0.109925	0.113153	0.100374
351.3				0.592489	0.666531	0.487139				0.524844	0.622124	0.416989				0.110818	0.114066	0.101193
351.4				0.593827	0.668043	0.488228				0.528932	0.62694	0.420251				0.111702	0.11497	0.102003
351.5				0.595135	0.669522	0.489293				0.532974	0.631702	0.423477				0.112576	0.115864	0.102805
351.6				0.596415	0.670969	0.490333				0.536971	0.63641	0.426668				0.113441	0.116749	0.103599
351.7				0.597666	0.672384	0.491351				0.540924	0.641067	0.429823				0.114297	0.117624	0.104384
351.8				0.598891	0.673768	0.492347				0.544834	0.645673	0.432944				0.115144	0.11849	0.105161
351.9				0.600089	0.675122	0.493322				0.548702	0.650228	0.43603				0.115983	0.119348	0.10593
352				0.601262	0.676448	0.494275				0.552527	0.654733	0.439084				0.116813	0.120196	0.106692
352.1				0.60241	0.677745	0.495208				0.556312	0.659189	0.442105				0.117634	0.121036	0.107445
352.2				0.603533	0.679014	0.496121				0.560055	0.663598	0.445093				0.118448	0.121867	0.108191
352.3				0.604633	0.680257	0.497015				0.563759	0.667959	0.448049				0.119253	0.12269	0.10893
352.4				0.60571	0.681474	0.49789				0.567423	0.672274	0.450975				0.12005	0.123505	0.109661
352.5				0.606764	0.682666	0.498747				0.571049	0.676542	0.453869				0.120839	0.124312	0.110385
352.6				0.607797	0.683833	0.499586				0.574637	0.680766	0.456733				0.12162	0.12511	0.111102
352.7				0.608808	0.684976	0.500407				0.578187	0.684945	0.459567				0.122394	0.125901	0.111812
352.8				0.609799	0.686095	0.501212				0.5817	0.689081	0.462372				0.12316	0.126684	0.112515
352.9				0.610769	0.687191	0.502				0.585177	0.693173	0.465147				0.123919	0.127459	0.113211
353				0.61172	0.688265	0.502771				0.588618	0.697223	0.467895				0.124671	0.128227	0.113901
353.1				0.612651	0.689317	0.503527				0.592023	0.701231	0.470614				0.125415	0.128987	0.114584
353.2				0.613564	0.690348	0.504268				0.595394	0.705198	0.473305				0.126152	0.12974	0.11526
353.3				0.614458	0.691358	0.504994				0.598731	0.709125	0.475969				0.126882	0.130485	0.11593
353.4				0.615334	0.692347	0.505704				0.602033	0.713011	0.478606				0.127605	0.131224	0.116594
353.5				0.616192	0.693317	0.506293				0.605303	0.716858	0.481114				0.128322	0.131956	0.117251
353.6				0.617034	0.694267	0.506976				0.608539	0.720666	0.483698				0.129031	0.13268	0.117902
353.7				0.617858	0.695198	0.507644				0.611743	0.724435	0.486256				0.129734	0.133398	0.118547
353.8				0.618666	0.69611	0.508299				0.614915	0.728167	0.488788				0.130431	0.134109	0.119187
353.9				0.619458	0.697004	0.508941				0.618056	0.731861	0.491295				0.131121	0.134814	0.11982
354				0.620234	0.69788	0.50957				0.621166	0.735519	0.493778				0.131805	0.135512	0.120447
354.1				0.620995	0.698738	0.510186				0.624245	0.739141	0.496236				0.132482	0.136204	0.121069
354.2				0.62174	0.699579	0.510791				0.627293	0.742726	0.49867				0.133153	0.136889	0.121685
354.3				0.622471	0.700404	0.511382				0.630312	0.746276	0.501081				0.133819	0.137568	0.122296
354.4				0.623187	0.701212	0.511962				0.633302	0.749792	0.503468				0.134478	0.138241	0.122901
354.5				0.623888	0.702003	0.512531				0.636262	0.753273	0.505831				0.135131	0.138907	0.1235
354.6				0.624576	0.702779	0.513088				0.639194	0.75672	0.508172				0.135778	0.139568	0.124094
354.7				0.62525	0.70354	0.513634				0.642097	0.760134	0.510491				0.13642	0.140223	0.124683
354.8				0.625911	0.704285	0.514168				0.644972	0.763514	0.512787				0.137056	0.140871	0.125267
354.9				0.626558	0.705015	0.514692				0.64782	0.766862	0.515061				0.137686	0.141515	0.125846
355				0.627193	0.70573	0.515206				0.650641	0.770178	0.517313				0.138311	0.142152	0.126419
355.1				0.627814	0.706431	0.515709				0.653435	0.773462	0.519544				0.13893	0.142783	0.126987
355.2				0.628424	0.707118	0.516202				0.656202	0.776714	0.521754				0.139544	0.143409	0.127551
355.3				0.629021	0.70779	0.516685				0.658943	0.779936	0.523943				0.140152	0.14403	0.128109
355.4				0.629606	0.70845	0.517158				0.661658	0.783127	0.526111				0.140755	0.144645	0.128663
355.5				0.630179	0.709095	0.517621				0.664347	0.786287	0.528259				0.141353	0.145255	0.129212
355.6				0.63074	0.709728	0.518075				0.667012	0.789418	0.530387				0.141946	0.145859	0.129756
355.7				0.63129	0.710348	0.51852				0.669651	0.792519	0.532495				0.142533	0.146458	0.130295
355.8				0.631829	0.710954	0.518956				0.672265	0.795591	0.534583				0.143116	0.147052	0.13083
355.9				0.632357	0.711549	0.519382				0.674855	0.798634	0.536652				0.143693	0.147641	0.13136
356				0.632874	0.712131	0.5198				0.677422	0.801648	0.538701				0.144266	0.148225	0.131886
356.1				0.633381	0.712701	0.520209				0.679964	0.804634	0.540732				0.144834	0.148803	0.132407
356.2				0.633876	0.713259	0.520609				0.682482	0.807593	0.542743				0.145397	0.149377	0.132924
356.3				0.634362	0.713805	0.521001				0.684978	0.810524	0.544737				0.145955	0.149946	0.133437
356.4				0.634837	0.71434	0.521385				0.68745	0.813427	0.546712				0.146508	0.15051	0.133945
356.5				0.635303	0.714863	0.52176				0.6899	0.816304	0.548668				0.147057	0.151069	0.134449
356.6				0.635758	0.715375	0.522128				0.692327	0.819154	0.550607				0.147601	0.151624	0.134948
356.7				0.636204	0.715877	0.522488				0.694732	0.821978	0.552528				0.148141	0.152174	0.135444
356.8				0.636641	0.716367	0.52284				0.697115	0.824776	0.554432				0.148676	0.152719	0.135935
356.9				0.637068	0.716847	0.523184				0.699476	0.827548	0.556318				0.149207	0.15326	0.136423
357				0.637486	0.717316	0.523521				0.701816	0.830294	0.558188				0.149733	0.153796	0.136906
357.1				0.637894	0.717775	0.52385				0.704134	0.833016	0.56004				0.150255	0.154327	0.137385
357.2				0.638294	0.718224	0.524172				0.706432	0.835713	0.561875				0.150772	0.154854	0.137861
357.3				0.638685	0.718663	0.524487				0.708708	0.838385	0.563694				0.151286	0.155377	0.138332
357.4				0.639067	0.719092	0.524795				0.710964	0.841032	0.565497				0.151795	0.155896	0.1388
357.5				0.639441	0.719511	0.525096				0.7132	0.843656	0.567283				0.1523	0.15641	0.139263
357.6				0.639806	0.719921	0.52539				0.715415	0.846255	0.569053				0.152801	0.15692	0.139723
357.7				0.640163	0.720321	0.525677				0.717611	0.848832	0.570807				0.153298	0.157426	0.14018
357.8				0.640512	0.720712	0.525958				0.719787	0.851384	0.572546				0.15379	0.157927	0.140632
357.9				0.640852	0.721093	0.526232				0.721943	0.853914	0.574269				0.154279	0.158425	0.141081
358				0.641185	0.721466	0.526499				0.72408	0.856421	0.575976				0.154764	0.158918	0.141526
358.1				0.64151	0.72183	0.52676				0.726198	0.858905	0.577669				0.155244	0.159407	0.141968
358.2				0.641827	0.722185	0.527015				0.728297	0.861367	0.579346				0.155721	0.159893	0.142406
358.3				0.642137	0.722531	0.527264				0.730377	0.863806	0.581008				0.156195	0.160374	0.14284
358.4				0.642439	0.722869	0.527506				0.732438	0.866224	0.582656				0.156664	0.160852	0.143272
358.5				0.642733	0.723198	0.527742				0.734482	0.86862	0.584288				0.157129	0.161325	0.143699
358.6				0.64302	0.723519	0.527973				0.736507	0.870995	0.585907				0.157591	0.161795	0.144123
358.7				0.643301	0.723832	0.528197				0.738514	0.873348	0.587511				0.158049	0.162261	0.144544
358.8				0.643573	0.724137	0.528416				0.740503	0.87568	0.589101				0.158504	0.162723	0.144962
358.9				0.643839	0.724433	0.528629				0.742475	0.877991	0.590677				0.158954	0.163182	0.145376
359				0.644098	0.724722	0.528837				0.744429	0.880282	0.592238				0.159402	0.163637	0.145787
359.1				0.64435	0.725003	0.529039				0.746365	0.882552	0.593786				0.159845	0.164088	0.146194
359.2				0.644596	0.725277	0.529235				0.748285	0.884802	0.595321				0.160286	0.164535	0.146599
359.3				0.644834	0.725543	0.529426				0.750188	0.887032	0.596842				0.160722	0.164979	0.147
359.4				0.645066	0.725801	0.529611				0.752074	0.889241	0.598349				0.161155	0.16542	0.147398
359.5				0.645292	0.726052	0.529792				0.753943	0.891432	0.599843				0.161585	0.165857	0.147793
359.6				0.645511	0.726295	0.529967				0.755796	0.893602	0.601324				0.162012	0.16629	0.148184
359.7				0.645724	0.726532	0.530137				0.757632	0.895754	0.602792				0.162435	0.16672	0.148573
359.8				0.645931	0.726761	0.530301				0.759452	0.897886	0.604247				0.162854	0.167147	0.148959
359.9				0.646131	0.726984	0.530461				0.761257	0.899999	0.60569				0.163271	0.16757	0.149341
360				0.646325	0.727199	0.530616				0.763045	0.902094	0.60712				0.163684	0.16799	0.149721
360.1				0.646514	0.727407	0.530766				0.764817	0.90417	0.608537				0.164094	0.168406	0.150098
360.2				0.646696	0.727609	0.530911				0.766574	0.906227	0.609941				0.164501	0.168819	0.150472
360.3				0.646873	0.727804	0.531051				0.768316	0.908266	0.611334				0.164904	0.169229	0.150842
360.4				0.647043	0.727993	0.531187				0.770042	0.910288	0.612714				0.165305	0.169636	0.15121
360.5				0.647208	0.728175	0.531318				0.771753	0.912291	0.614082				0.165702	0.170039	0.151575
360.6				0.647368	0.72835	0.531444				0.773449	0.914276	0.615438				0.166096	0.17044	0.151938
360.7				0.647521	0.72852	0.531566				0.77513	0.916244	0.616782				0.166487	0.170837	0.152297
360.8				0.647669	0.728683	0.531683				0.776797	0.918194	0.618115				0.166875	0.171231	0.152654
360.9				0.647812	0.728839	0.531796				0.778449	0.920127	0.619436				0.16726	0.171622	0.153008
361				0.647949	0.72899	0.531904				0.780086	0.922043	0.620745				0.167642	0.17201	0.153359
361.1				0.648081	0.729134	0.532008				0.781709	0.923942	0.622043				0.168022	0.172394	0.153707
361.2				0.648208	0.729273	0.532108				0.783317	0.925824	0.623329				0.168398	0.172776	0.154053
361.3				0.64833	0.729405	0.532204				0.784912	0.92769	0.624604				0.168771	0.173155	0.154396
361.4				0.648446	0.729532	0.532295				0.786492	0.929538	0.625868				0.169141	0.173531	0.154736
361.5				0.648557	0.729653	0.532382				0.788059	0.931371	0.627121				0.169509	0.173904	0.155074
361.6				0.648663	0.729768	0.532465				0.789612	0.933187	0.628363				0.169874	0.174274	0.155409
361.7				0.648764	0.729878	0.532544				0.791151	0.934987	0.629594				0.170236	0.174641	0.155742
361.8				0.648861	0.729982	0.532619				0.792677	0.936771	0.630814				0.170595	0.175005	0.156072
361.9				0.648952	0.73008	0.532691				0.794189	0.938539	0.632024				0.170951	0.175366	0.1564
362				0.649039	0.730173	0.532758				0.795688	0.940291	0.633223				0.171305	0.175725	0.156725
362.1				0.649121	0.730261	0.532821				0.797174	0.942028	0.634412				0.171655	0.176081	0.157047
362.2				0.649198	0.730343	0.532881				0.798646	0.94375	0.63559				0.172004	0.176434	0.157367
362.3				0.64927	0.73042	0.532936				0.800106	0.945456	0.636757				0.172349	0.176784	0.157685
362.4				0.649338	0.730491	0.532988				0.801553	0.947147	0.637915				0.172692	0.177132	0.158
362.5				0.649402	0.730558	0.533036				0.802987	0.948822	0.639062				0.173032	0.177476	0.158313
362.6				0.64946	0.730619	0.533081				0.804408	0.950483	0.640199				0.17337	0.177819	0.158623
362.7				0.649515	0.730676	0.533122				0.805817	0.952129	0.641327				0.173705	0.178158	0.158931
362.8				0.649565	0.730727	0.533159				0.807214	0.953761	0.642444				0.174037	0.178495	0.159237
362.9				0.64961	0.730773	0.533193				0.808598	0.955377	0.643551				0.174367	0.178829	0.15954
363				0.649652	0.730815	0.533224				0.80997	0.95698	0.644649				0.174694	0.179161	0.159841
363.1				0.649689	0.730851	0.533251				0.81133	0.958568	0.645737				0.175019	0.17949	0.16014
363.2				0.649722	0.730883	0.533274				0.812678	0.960141	0.646816				0.175341	0.179816	0.160436
363.3				0.64975	0.73091	0.533294				0.814013	0.961701	0.647884				0.175661	0.18014	0.16073
363.4				0.649775	0.730933	0.533311				0.815337	0.963247	0.648944				0.175979	0.180462	0.161022
363.5				0.649795	0.73095	0.533324				0.81665	0.964778	0.649994				0.176294	0.180781	0.161312
363.6				0.649812	0.730963	0.533334				0.81795	0.966296	0.651035				0.176606	0.181097	0.161599
363.7				0.649824	0.730972	0.533341				0.819239	0.967801	0.652066				0.176916	0.181411	0.161885
363.8				0.649833	0.730976	0.533345				0.820517	0.969291	0.653089				0.177224	0.181723	0.162168
363.9				0.649837	0.730976	0.533345				0.821783	0.970769	0.654102				0.17753	0.182032	0.162449
364				0.649838	0.730971	0.533343				0.823038	0.972233	0.655107				0.177833	0.182339	0.162728
364.1				0.649835	0.730962	0.533337				0.824281	0.973683	0.656102				0.178133	0.182643	0.163004
364.2				0.649828	0.730948	0.533328				0.825514	0.975121	0.657089				0.178432	0.182945	0.163279
364.3				0.649817	0.730931	0.533316				0.826735	0.976546	0.658066				0.178728	0.183245	0.163551
364.4				0.649802	0.730909	0.533301				0.827946	0.977957	0.659035				0.179022	0.183542	0.163821
364.5				0.649784	0.730883	0.533283				0.829146	0.979356	0.659996				0.179313	0.183837	0.16409
364.6				0.649763	0.730852	0.533262				0.830335	0.980742	0.660948				0.179603	0.184129	0.164356
364.7				0.649737	0.730818	0.533238				0.831513	0.982115	0.661891				0.17989	0.18442	0.16462
364.8				0.649708	0.73078	0.533211				0.83268	0.983476	0.662826				0.180175	0.184708	0.164882
364.9				0.649676	0.730737	0.533182				0.833837	0.984825	0.663752				0.180458	0.184994	0.165143
365				0.64964	0.730691	0.533149				0.834984	0.986161	0.66467				0.180739	0.185278	0.165401
365.1				0.6496	0.73064	0.533114				0.83612	0.987484	0.66558				0.181017	0.185559	0.165657
365.2				0.649557	0.730586	0.533076				0.837246	0.988796	0.666481				0.181293	0.185838	0.165911
365.3				0.649511	0.730528	0.533035				0.838362	0.990096	0.667375				0.181568	0.186115	0.166164
365.4				0.649461	0.730466	0.532991				0.839468	0.991383	0.66826				0.18184	0.18639	0.166414
365.5				0.649408	0.7304	0.532945				0.840563	0.992659	0.669137				0.18211	0.186663	0.166662
365.6				0.649352	0.730331	0.532896				0.841649	0.993923	0.670007				0.182378	0.186934	0.166909
365.7				0.649293	0.730258	0.532844				0.842724	0.995175	0.670868				0.182644	0.187202	0.167154
365.8				0.64923	0.730181	0.53279				0.84379	0.996416	0.671722				0.182908	0.187469	0.167397
365.9				0.649164	0.7301	0.532733				0.844846	0.997645	0.672568				0.183169	0.187733	0.167637
366				0.649095	0.730016	0.532674				0.845892	0.998862	0.673406				0.183429	0.187995	0.167877
366.1				0.649022	0.729928	0.532612				0.846929	1.00007	0.674236				0.183687	0.188255	0.168114
366.2				0.648947	0.729837	0.532547				0.847956	1.00126	0.675059				0.183943	0.188514	0.168349
366.3				0.648868	0.729742	0.53248				0.848974	1.00245	0.675874				0.184196	0.18877	0.168583
366.4				0.648787	0.729644	0.532411				0.849982	1.00362	0.676682				0.184448	0.189024	0.168814
366.5				0.648702	0.729543	0.532339				0.850981	1.00478	0.677482				0.184698	0.189276	0.169045
366.6				0.648615	0.729438	0.532265				0.85197	1.00593	0.678275				0.184946	0.189526	0.169273
366.7				0.648524	0.729329	0.532188				0.852951	1.00707	0.67906				0.185192	0.189774	0.169499
366.8				0.648431	0.729217	0.532109				0.853922	1.0082	0.679838				0.185436	0.19002	0.169724
366.9				0.648334	0.729102	0.532027				0.854884	1.00932	0.680609				0.185679	0.190265	0.169947
367				0.648235	0.728984	0.531943				0.855837	1.01043	0.681373				0.185919	0.190507	0.170168
367.1				0.648133	0.728863	0.531857				0.856781	1.01152	0.68213				0.186157	0.190747	0.170388
367.2				0.648028	0.728738	0.531769				0.857716	1.01261	0.682879				0.186394	0.190986	0.170606
367.3				0.64792	0.72861	0.531678				0.858643	1.01369	0.683621				0.186629	0.191222	0.170822
367.4				0.64781	0.728479	0.531585				0.859561	1.01475	0.684357				0.186862	0.191457	0.171036
367.5				0.647697	0.728345	0.53149				0.86047	1.01581	0.685085				0.187093	0.19169	0.171249
367.6				0.647581	0.728207	0.531392				0.86137	1.01685	0.685807				0.187322	0.191921	0.17146
367.7				0.647462	0.728067	0.531292				0.862262	1.01789	0.686522				0.18755	0.19215	0.17167
367.8				0.647341	0.727924	0.531191				0.863145	1.01891	0.68723				0.187776	0.192377	0.171878
367.9				0.647217	0.727777	0.531087				0.86402	1.01993	0.687931				0.188	0.192603	0.172084
368				0.64709	0.727628	0.530981				0.864886	1.02093	0.688626				0.188222	0.192826	0.172289
368.1				0.646961	0.727475	0.530872				0.865744	1.02193	0.689313				0.188442	0.193048	0.172492
368.2				0.646829	0.72732	0.530762				0.866594	1.02291	0.689995				0.188661	0.193269	0.172693
368.3				0.646695	0.727162	0.53065				0.867435	1.02389	0.690669				0.188878	0.193487	0.172893
368.4				0.646558	0.727001	0.530535				0.868268	1.02485	0.691338				0.189093	0.193703	0.173091
368.5				0.646418	0.726837	0.530419				0.869094	1.02581	0.691999				0.189307	0.193918	0.173288
368.6				0.646277	0.726671	0.5303				0.869911	1.02676	0.692655				0.189519	0.194131	0.173483
368.7				0.646132	0.726501	0.53018				0.87072	1.0277	0.693304				0.189729	0.194343	0.173677
368.8				0.645986	0.726329	0.530057				0.871521	1.02862	0.693946				0.189938	0.194553	0.173869
368.9				0.645836	0.726154	0.529933				0.872314	1.02954	0.694582				0.190145	0.19476	0.17406
369				0.645685	0.725976	0.529807				0.8731	1.03045	0.695212				0.19035	0.194967	0.174249
369.1				0.645531	0.725796	0.529678				0.873877	1.03135	0.695836				0.190554	0.195171	0.174436
369.2				0.645375	0.725613	0.529548				0.874647	1.03224	0.696454				0.190756	0.195374	0.174622
369.3				0.645216	0.725427	0.529416				0.875409	1.03313	0.697065				0.190956	0.195576	0.174807
369.4				0.645055	0.725239	0.529282				0.876164	1.034	0.69767				0.191155	0.195775	0.17499
369.5				0.644892	0.725048	0.529147				0.876911	1.03486	0.69827				0.191352	0.195973	0.175172
369.6				0.644727	0.724854	0.529009				0.877651	1.03572	0.698863				0.191548	0.19617	0.175352
369.7				0.644559	0.724658	0.528869				0.878382	1.03656	0.69945				0.191742	0.196364	0.175531
369.8				0.644389	0.72446	0.528728				0.879107	1.0374	0.700032				0.191934	0.196558	0.175708
369.9				0.644217	0.724259	0.528585				0.879824	1.03823	0.700607				0.192125	0.196749	0.175884
370				0.644043	0.724055	0.52844				0.880534	1.03905	0.701177				0.192314	0.196939	0.176059
370.1				0.64373	0.723849	0.528294				0.88105	1.03986	0.701741				0.192505	0.197128	0.176232
370.2				0.643551	0.723641	0.528145				0.881745	1.04067	0.702299				0.192692	0.197314	0.176404
370.3				0.643371	0.72343	0.527995				0.882434	1.04146	0.702851				0.192876	0.1975	0.176574
370.4				0.643188	0.723217	0.527844				0.883115	1.04225	0.703398				0.19306	0.197684	0.176743
370.5				0.643003	0.723001	0.52769				0.883789	1.04303	0.703939				0.193242	0.197866	0.176911
370.6				0.642816	0.722783	0.527535				0.884455	1.04379	0.704475				0.193422	0.198046	0.177077
370.7				0.642627	0.722563	0.527378				0.885115	1.04456	0.705004				0.193601	0.198226	0.177242
370.8				0.642437	0.72234	0.52722				0.885768	1.04531	0.705529				0.193778	0.198403	0.177405
370.9				0.642244	0.722115	0.52706				0.886414	1.04605	0.706047				0.193954	0.19858	0.177567
371				0.642049	0.721888	0.526898				0.887053	1.04679	0.706561				0.194128	0.198754	0.177728
371.1				0.641852	0.721659	0.526735				0.887686	1.04752	0.707068				0.194301	0.198927	0.177888
371.2				0.641653	0.721427	0.52657				0.888311	1.04824	0.707571				0.194473	0.199099	0.178046
371.3				0.641452	0.721193	0.526403				0.88893	1.04895	0.708068				0.194643	0.199269	0.178203
371.4				0.641249	0.720957	0.526235				0.889542	1.04966	0.70856				0.194812	0.199438	0.178359
371.5				0.641044	0.720719	0.526066				0.890147	1.05036	0.709046				0.194979	0.199605	0.178513
371.6				0.640838	0.720479	0.525894				0.890746	1.05105	0.709527				0.195145	0.199771	0.178666
371.7				0.640629	0.720236	0.525722				0.891339	1.05173	0.710003				0.19531	0.199936	0.178818
371.8				0.640419	0.719991	0.525548				0.891924	1.0524	0.710474				0.195473	0.200099	0.178968
371.9				0.640207	0.719745	0.525372				0.892504	1.05307	0.710939				0.195635	0.200261	0.179117
372				0.639993	0.719496	0.525195				0.893077	1.05373	0.7114				0.195795	0.200425	0.179266
372.1				0.639777	0.719245	0.525016				0.893643	1.05438	0.711855				0.195954	0.200584	0.179412
372.2				0.639559	0.718992	0.524836				0.894203	1.05502	0.712305				0.196112	0.200742	0.179574
372.3				0.63934	0.718737	0.524654				0.894757	1.05566	0.71275				0.196268	0.200898	0.179718
372.4				0.639119	0.71848	0.524471				0.895305	1.05629	0.71319				0.196424	0.201053	0.17986
372.5				0.638896	0.718222	0.524287				0.895846	1.05691	0.713626				0.196577	0.201206	0.180002
372.6				0.638671	0.717961	0.524101				0.896381	1.05752	0.714056				0.19673	0.201358	0.180143
372.7				0.638445	0.717698	0.523914				0.89691	1.05813	0.714481				0.196881	0.201509	0.180283
372.8				0.638217	0.717433	0.523725				0.897433	1.05873	0.714902				0.197031	0.201658	0.180421
372.9				0.637987	0.717166	0.523535				0.89795	1.05932	0.715317				0.197179	0.201806	0.180558
373				0.637755	0.716898	0.523344				0.89846	1.05991	0.715728				0.197327	0.201953	0.180695
373.1				0.637522	0.716627	0.523151				0.898965	1.06048	0.716134				0.197473	0.202099	0.18083
373.2				0.637287	0.716355	0.522957				0.899464	1.06105	0.716535				0.197617	0.202243	0.180964
373.3				0.637051	0.716081	0.522762				0.899957	1.06162	0.716932				0.197761	0.202386	0.181096
373.4				0.636813	0.715805	0.522565				0.900444	1.06218	0.717324				0.197903	0.202527	0.181228
373.5				0.636573	0.715527	0.522367				0.900925	1.06273	0.717711				0.198044	0.202668	0.181358
373.6				0.636332	0.715247	0.522168				0.9014	1.06327	0.718093				0.198184	0.202807	0.181487
373.7				0.636089	0.714966	0.521968				0.901869	1.06381	0.718471				0.198322	0.202945	0.181615
373.8				0.635845	0.714683	0.521766				0.902333	1.06434	0.718844				0.198459	0.203081	0.181741
373.9				0.635599	0.714398	0.521563				0.902791	1.06486	0.719213				0.198595	0.203217	0.181867
374				0.635351	0.714111	0.521358				0.903244	1.06538	0.719577				0.19873	0.203351	0.181992
374.1				0.635102	0.713823	0.521153				0.90369	1.06589	0.719937				0.198864	0.203483	0.182115
374.2				0.634852	0.713532	0.520946				0.904131	1.06639	0.720292				0.198996	0.203615	0.182237
374.3				0.6346	0.713241	0.520738				0.904567	1.06689	0.720643				0.199127	0.203745	0.182359
374.4				0.634346	0.712947	0.520529				0.904997	1.06738	0.720989				0.199257	0.203875	0.182479
374.5				0.634091	0.712652	0.520319				0.905422	1.06786	0.721331				0.199386	0.204003	0.182598
374.6				0.633835	0.712355	0.520107				0.905841	1.06834	0.721669				0.199514	0.204129	0.182716
374.7				0.633577	0.712056	0.519894				0.906254	1.06881	0.722002				0.199641	0.204255	0.182833
374.8				0.633318	0.711756	0.51968				0.906662	1.06927	0.722331				0.199766	0.204379	0.182949
374.9				0.633057	0.711454	0.519465				0.907065	1.06973	0.722656				0.19989	0.204502	0.183064
375				0.632795	0.711151	0.519249				0.907463	1.07018	0.722976				0.200013	0.204625	0.183177
375.1				0.632531	0.710846	0.519032				0.907855	1.07063	0.723292				0.200135	0.204745	0.18329
375.2				0.632267	0.71054	0.518813				0.908242	1.07107	0.723604				0.200256	0.204865	0.183402
375.3				0.632	0.710232	0.518594				0.908624	1.0715	0.723912				0.200376	0.204984	0.183513
375.4				0.631733	0.709922	0.518373				0.909	1.07193	0.724216				0.200494	0.205101	0.183622
375.5				0.631464	0.709611	0.518151				0.909371	1.07235	0.724515				0.200612	0.205217	0.183731
375.6				0.631193	0.709298	0.517928				0.909737	1.07276	0.724811				0.200728	0.205333	0.183839
375.7				0.630921	0.708984	0.517704				0.910098	1.07317	0.725102				0.200843	0.205447	0.183945
375.8				0.630648	0.708668	0.517479				0.910454	1.07358	0.725389				0.200958	0.20556	0.184051
375.9				0.630374	0.708351	0.517253				0.910805	1.07397	0.725672				0.201071	0.205671	0.184155
376				0.630099	0.708033	0.517026				0.911151	1.07436	0.725952				0.201183	0.205782	0.184259
376.1				0.629822	0.707713	0.516798				0.911492	1.07475	0.726227				0.201294	0.205892	0.184362
376.2				0.629543	0.707391	0.516569				0.911828	1.07513	0.726498				0.201404	0.206	0.184463
376.3				0.629264	0.707068	0.516338				0.912159	1.0755	0.726765				0.201512	0.206108	0.184564
376.4				0.628983	0.706744	0.516107				0.912485	1.07587	0.727029				0.20162	0.206214	0.184664
376.5				0.628701	0.706418	0.515875				0.912806	1.07623	0.727288				0.201727	0.206319	0.184763
376.6				0.628418	0.706091	0.515642				0.913123	1.07659	0.727544				0.201833	0.206423	0.18486
376.7				0.628134	0.705762	0.515408				0.913434	1.07694	0.727796				0.201937	0.206527	0.184957
376.8				0.627848	0.705432	0.515172				0.913741	1.07728	0.728044				0.202041	0.206629	0.185053
376.9				0.627562	0.705101	0.514936				0.914043	1.07762	0.728288				0.202143	0.20673	0.185148
377				0.627274	0.704769	0.514699				0.91434	1.07796	0.728528				0.202245	0.20683	0.185242
377.1				0.626984	0.704435	0.514461				0.914633	1.07828	0.728765				0.202345	0.206929	0.185335
377.2				0.626694	0.704099	0.514222				0.914921	1.07861	0.728998				0.202445	0.207026	0.185427
377.3				0.626403	0.703763	0.513982				0.915204	1.07892	0.729227				0.202543	0.207123	0.185519
377.4				0.62611	0.703425	0.513741				0.915482	1.07923	0.729453				0.202641	0.207219	0.185609
377.5				0.625816	0.703086	0.513499				0.915756	1.07954	0.729674				0.202738	0.207314	0.185698
377.6				0.625521	0.702746	0.513256				0.916026	1.07984	0.729893				0.202833	0.207408	0.185787
377.7				0.625225	0.702404	0.513013				0.916291	1.08014	0.730107				0.202928	0.207501	0.185875
377.8				0.624928	0.702061	0.512768				0.916551	1.08043	0.730318				0.203021	0.207593	0.185961
377.9				0.62463	0.701717	0.512523				0.916807	1.08071	0.730525				0.203114	0.207683	0.186047
378				0.624331	0.701371	0.512276				0.917059	1.08099	0.730729				0.203205	0.207773	0.186132
378.1				0.62403	0.701025	0.512089				0.917306	1.08127	0.731016				0.203296	0.207862	0.186216
378.2				0.623729	0.700677	0.511841				0.917548	1.08154	0.731212				0.203386	0.20795	0.186299
378.3				0.623426	0.700328	0.511592				0.917786	1.0818	0.731405				0.203475	0.208037	0.186382
378.4				0.623123	0.699978	0.511342				0.91802	1.08206	0.731594				0.203562	0.208123	0.186463
378.5				0.622818	0.699626	0.51109				0.91825	1.08231	0.73178				0.203649	0.208208	0.186544
378.6				0.622513	0.699274	0.510839				0.918475	1.08256	0.731962				0.203735	0.208292	0.186623
378.7				0.622206	0.69892	0.510586				0.918696	1.08281	0.732141				0.20382	0.208375	0.186702
378.8				0.621898	0.698565	0.510332				0.918913	1.08304	0.732317				0.203904	0.208457	0.18678
378.9				0.621589	0.698209	0.510078				0.919125	1.08328	0.732489				0.203988	0.208538	0.186857
379				0.62128	0.697852	0.509823				0.919333	1.08351	0.732658				0.20407	0.208618	0.186934
379.1				0.620969	0.697493	0.509567				0.919537	1.08373	0.732823				0.204151	0.208698	0.187009
379.2				0.620657	0.697134	0.50931				0.919737	1.08395	0.732986				0.204232	0.208776	0.187084
379.3				0.620345	0.696774	0.509079				0.919933	1.08416	0.733182				0.204311	0.208854	0.187158
379.4				0.620031	0.696412	0.508821				0.920125	1.08437	0.733338				0.20439	0.20893	0.187231
379.5				0.619717	0.696049	0.508562				0.920312	1.08458	0.733491				0.204468	0.209006	0.187303
379.6				0.619401	0.695686	0.508302				0.920496	1.08478	0.73364				0.204545	0.209081	0.187375
379.7				0.619085	0.695321	0.508042				0.920675	1.08497	0.733786				0.204621	0.209154	0.187445
379.8				0.618767	0.694955	0.50778				0.920851	1.08516	0.733929				0.204696	0.209227	0.187515
379.9				0.618449	0.694588	0.507518				0.921022	1.08535	0.734068				0.20477	0.209299	0.187584
380				0.61813	0.69422	0.507256				0.92119	1.08553	0.734205				0.204843	0.209371	0.187652
