# Compute m_ttbar distribution dxsection/dm_ttbar (pb/GeV) of PP > ttbar. Energy and mass in GeV, xsection in pb.
# Parameters: alphaS(ScaleR) = 0.107655, m_t = 172.5, PDFset = NNPDF31_nnlo_as_0118_notop, PDFmember = 0, ScaleF = 172.5, ScaleR = 172.5, sqrt(s_hadron) = 13000, MZ = 91.2, vev = 246.22, RelativeError = 0.01, DynamicScalingChoice = 0, ScaleUncertainty = (0.5,2)
# m_ttbar (GeV) 				 gg > singlet 	 [lower , 	 upper] 				 gg > octet 	 [lower , 	 upper] 				 qq > octet 	 [lower , 	 upper]
335				0.0387985	0.0369894	0.0376022				0.0523223	0.052233	0.0492557				0.0113668	0.0106187	0.0113602
335.1				0.0390163	0.0371955	0.037814				0.05247	0.0523807	0.0493941				0.0114014	0.010651	0.0113947
335.2				0.0392383	0.0374058	0.03803				0.0526204	0.052531	0.0495349				0.0114366	0.0106838	0.0114298
335.3				0.0394647	0.0376202	0.0382502				0.0527734	0.052684	0.0496781				0.0114724	0.0107172	0.0114655
335.4				0.0396956	0.0378389	0.0384749				0.0529291	0.0528398	0.049824				0.0115088	0.0107512	0.0115017
335.5				0.0399312	0.038062	0.0387041				0.0530876	0.0529983	0.0499724				0.0115458	0.0107857	0.0115386
335.6				0.0401717	0.0382897	0.038938				0.053249	0.0531597	0.0501235				0.0115834	0.0108208	0.0115761
335.7				0.0404171	0.0385221	0.0391767				0.0534132	0.053324	0.0502774				0.0116217	0.0108566	0.0116143
335.8				0.0406675	0.0387593	0.0394203				0.0535805	0.0534913	0.050434				0.0116607	0.0108929	0.0116531
335.9				0.0409233	0.0390015	0.0396691				0.0537508	0.0536617	0.0505935				0.0117003	0.0109299	0.0116926
336				0.0411844	0.0392488	0.0399232				0.0539243	0.0538352	0.050756				0.0117408	0.0109676	0.0117328
336.1				0.0414512	0.0395014	0.0401827				0.054101	0.054012	0.0509214				0.0117818	0.0110059	0.0117737
336.2				0.0417237	0.0397595	0.0404478				0.054281	0.054192	0.05109				0.0118236	0.011045	0.0118154
336.3				0.0420021	0.0400232	0.0407187				0.0544644	0.0543755	0.0512617				0.0118662	0.0110847	0.0118578
336.4				0.0422867	0.0402927	0.0409955				0.0546513	0.0545625	0.0514367				0.0119095	0.0111252	0.0119009
336.5				0.0425776	0.0405683	0.0412785				0.0548417	0.054753	0.051615				0.0119536	0.0111664	0.0119449
336.6				0.042875	0.04085	0.0415679				0.0550358	0.0549472	0.0517968				0.0119986	0.0112084	0.0119896
336.7				0.0431793	0.0411381	0.0418639				0.0552337	0.0551452	0.051982				0.0120444	0.0112511	0.0120353
336.8				0.0434905	0.0414328	0.0421667				0.0554354	0.0553471	0.0521709				0.012091	0.0112947	0.0120817
336.9				0.0438089	0.0417344	0.0424765				0.0556411	0.055553	0.0523635				0.0121385	0.0113391	0.0121291
337				0.0441348	0.0420431	0.0427936				0.0558509	0.0557629	0.05256				0.012187	0.0113844	0.0121773
337.1				0.0444685	0.0423591	0.0431182				0.0560649	0.0559771	0.0527603				0.0122364	0.0114305	0.0122265
337.2				0.0448101	0.0426827	0.0434507				0.0562831	0.0561956	0.0529647				0.0122867	0.0114775	0.0122766
337.3				0.0451601	0.0430141	0.0437912				0.0565059	0.0564185	0.0531732				0.012338	0.0115255	0.0123277
337.4				0.0455186	0.0433537	0.04414				0.0567332	0.0566461	0.053386				0.0123904	0.0115744	0.0123799
337.5				0.045886	0.0437017	0.0444976				0.0569652	0.0568783	0.0536033				0.0124438	0.0116243	0.012433
337.6				0.0462627	0.0440584	0.0448641				0.057202	0.0571155	0.053825				0.0124983	0.0116753	0.0124873
337.7				0.046649	0.0444243	0.04524				0.0574438	0.0573576	0.0540514				0.0125538	0.0117273	0.0125426
337.8				0.0470452	0.0447995	0.0456255				0.0576908	0.0576049	0.0542826				0.0126106	0.0117803	0.0125991
337.9				0.0474518	0.0451846	0.0460211				0.0579431	0.0578575	0.0545188				0.0126685	0.0118345	0.0126568
338				0.0478691	0.0455798	0.0464272				0.0582008	0.0581156	0.05476				0.0127276	0.0118898	0.0127157
338.1				0.0482975	0.0459856	0.0468442				0.0584642	0.0583794	0.0550066				0.012788	0.0119463	0.0127758
338.2				0.0487376	0.0464024	0.0472724				0.0587334	0.058649	0.0552586				0.0128497	0.012004	0.0128372
338.3				0.0491897	0.0468306	0.0477124				0.0590086	0.0589246	0.0555162				0.0129134	0.0120629	0.0129
338.4				0.0496545	0.0472707	0.0481647				0.05929	0.0592065	0.0557796				0.0129778	0.0121232	0.0129641
338.5				0.0501323	0.0477232	0.0486297				0.0595778	0.0594949	0.056049				0.0130437	0.0121848	0.0130297
338.6				0.0506238	0.0481887	0.049108				0.0598723	0.0597898	0.0563245				0.013111	0.0122478	0.0130967
338.7				0.0511295	0.0486677	0.0496003				0.0601736	0.0600917	0.0566065				0.0131799	0.0123122	0.0131652
338.8				0.0516501	0.0491607	0.0501069				0.060482	0.0604007	0.0568952				0.0132504	0.0123781	0.0132353
338.9				0.0521863	0.0496684	0.0506287				0.0607978	0.0607171	0.0571906				0.0133225	0.0124456	0.013307
339				0.0527386	0.0501915	0.0511664				0.0611211	0.0610412	0.0574932				0.0133962	0.0125146	0.0133805
339.1				0.053308	0.0507307	0.0517205				0.0614524	0.0613731	0.0578032				0.0134718	0.0125853	0.0134556
339.2				0.053895	0.0512867	0.0522919				0.0617918	0.0617133	0.0581207				0.0135492	0.0126577	0.0135326
339.3				0.0545007	0.0518602	0.0528815				0.0621396	0.062062	0.0584462				0.0136284	0.0127319	0.0136114
339.4				0.0551258	0.0524522	0.05349				0.0624963	0.0624195	0.0587799				0.0137096	0.012808	0.0136922
339.5				0.0557714	0.0530635	0.0541183				0.0628621	0.0627862	0.0591221				0.0137929	0.0128859	0.013775
339.6				0.0564384	0.0536951	0.0547676				0.0632374	0.0631625	0.0594732				0.0138783	0.0129659	0.0138599
339.7				0.0571278	0.054348	0.0554388				0.0636225	0.0635487	0.0598335				0.0139658	0.0130479	0.013947
339.8				0.0578409	0.0550233	0.056133				0.0640179	0.0639451	0.0602033				0.0140557	0.0131321	0.0140364
339.9				0.0585789	0.0557221	0.0568514				0.064424	0.0643524	0.0605831				0.014148	0.0132185	0.0141281
340				0.0593431	0.0564456	0.0575953				0.0648411	0.0647708	0.0609732				0.0142427	0.0133072	0.0142223
340.1				0.0601348	0.0571953	0.0583661				0.0652699	0.0652008	0.0613741				0.01434	0.0133984	0.014319
340.2				0.0609556	0.0579725	0.0591652				0.0657107	0.065643	0.0617863				0.01444	0.0134921	0.0144184
340.3				0.0618071	0.0587788	0.0599942				0.0661641	0.0660979	0.0622103				0.0145428	0.0135884	0.0145206
340.4				0.062691	0.0596157	0.0608548				0.0666306	0.066566	0.0626465				0.0146485	0.0136875	0.0146257
340.5				0.0636092	0.060485	0.0617488				0.0671109	0.067048	0.0630954				0.0147573	0.0137895	0.0147338
340.6				0.0645637	0.0613887	0.0626782				0.0676055	0.0675444	0.0635578				0.0148694	0.0138945	0.0148451
340.7				0.0655567	0.0623288	0.063645				0.0681151	0.0680559	0.0640342				0.0149847	0.0140027	0.0149598
340.8				0.0665904	0.0633075	0.0646516				0.0686405	0.0685833	0.0645252				0.0151036	0.0141141	0.0150779
340.9				0.0676674	0.0643271	0.0657004				0.0691823	0.0691273	0.0650315				0.0152261	0.0142291	0.0151996
341				0.0687904	0.0653903	0.066794				0.0697415	0.0696887	0.065554				0.0153525	0.0143477	0.0153251
341.1				0.0699624	0.0664998	0.0679353				0.0703187	0.0702684	0.0660933				0.015483	0.01447	0.0154547
341.2				0.0711866	0.0676587	0.0691275				0.0709151	0.0708674	0.0666504				0.0156177	0.0145964	0.0155884
341.3				0.0724664	0.0688702	0.0703739				0.0715314	0.0714865	0.0672262				0.0157569	0.014727	0.0157266
341.4				0.0738057	0.0701379	0.0716782				0.0721689	0.072127	0.0678215				0.0159008	0.0148621	0.0158695
341.5				0.0752085	0.0714658	0.0730445				0.0728286	0.0727898	0.0684376				0.0160496	0.0150018	0.0160172
341.6				0.0766794	0.0728581	0.0744771				0.0735116	0.0734764	0.0690754				0.0162037	0.0151465	0.0161701
341.7				0.0782232	0.0743193	0.0759808				0.0742195	0.0741878	0.0697362				0.0163632	0.0152963	0.0163284
341.8				0.0798453	0.0758546	0.0775608				0.0749534	0.0749257	0.0704213				0.0165287	0.0154517	0.0164925
341.9				0.0815516	0.0774696	0.0792229				0.075715	0.0756915	0.0711321				0.0167002	0.0156129	0.0166627
342				0.0833485	0.0791702	0.0809733				0.0765058	0.0764869	0.0718701				0.0168783	0.0157803	0.0168394
342.1				0.0852431	0.0809633	0.0828189				0.0773277	0.0773136	0.0726368				0.0170634	0.0159542	0.0170229
342.2				0.0872431	0.082856	0.0847673				0.0781824	0.0781736	0.0734342				0.0172557	0.016135	0.0172136
342.3				0.089357	0.0848565	0.0868268				0.0790722	0.079069	0.074264				0.0174559	0.0163232	0.017412
342.4				0.0915943	0.0869736	0.0890065				0.0799992	0.0800021	0.0751284				0.0176644	0.0165193	0.0176186
342.5				0.0939653	0.0892172	0.0913165				0.0809658	0.0809753	0.0760296				0.0178817	0.0167238	0.0178339
342.6				0.0964813	0.0915979	0.0937679				0.0819748	0.0819914	0.07697				0.0181085	0.0169372	0.0180585
342.7				0.0991549	0.0941276	0.096373				0.0830289	0.0830532	0.0779523				0.0183453	0.0171601	0.0182931
342.8				0.102	0.0968195	0.0991453				0.0841314	0.084164	0.0789794				0.018593	0.0173932	0.0185383
342.9				0.105032	0.0996878	0.1021				0.0852857	0.0853273	0.0800546				0.0188522	0.0176373	0.0187948
343				0.108267	0.102749	0.105252				0.0864955	0.0865469	0.0811811				0.0191238	0.0178932	0.0190636
343.1				0.111724	0.106019	0.108621				0.0877651	0.0878271	0.082363				0.0194087	0.0181616	0.0193454
343.2				0.115422	0.109518	0.112226				0.0890989	0.0891725	0.0836044				0.0197079	0.0184437	0.0196414
343.3				0.119385	0.113266	0.116088				0.090502	0.0905883	0.08491				0.0200226	0.0187404	0.0199526
343.4				0.123635	0.117287	0.12023				0.09198	0.09208	0.0862848				0.020354	0.019053	0.0202802
343.5				0.128198	0.121603	0.124677				0.093539	0.0936539	0.0877346				0.0207035	0.0193827	0.0206255
343.6				0.133101	0.12624	0.129456				0.0951858	0.095317	0.0892656				0.0210726	0.019731	0.0209901
343.7				0.138372	0.131226	0.134594				0.096928	0.0970768	0.0908848				0.0214629	0.0200995	0.0213757
343.8				0.144041	0.136588	0.14012				0.0987738	0.0989419	0.0926001				0.0218764	0.0204899	0.0217839
343.9				0.150136	0.142352	0.146061				0.100733	0.100922	0.09442				0.0223151	0.0209043	0.022217
344				0.156685	0.148546	0.152445				0.102815	0.103027	0.0963542				0.0227813	0.0213447	0.0226772
344.1				0.163712	0.155191	0.159295				0.105032	0.105268	0.0984134				0.0232777	0.0218137	0.023167
344.2				0.171236	0.162307	0.16663				0.107397	0.107659	0.100609				0.0238069	0.0223138	0.0236892
344.3				0.17927	0.169905	0.174462				0.109923	0.110213	0.102955				0.0243721	0.0228479	0.024247
344.4				0.187815	0.177985	0.182791				0.112625	0.112945	0.105465				0.0249767	0.0234191	0.0248436
344.5				0.196856	0.186536	0.191604				0.115519	0.11587	0.108154				0.0256241	0.0240307	0.0254826
344.6				0.206367	0.19553	0.200874				0.118622	0.119005	0.111037				0.0263179	0.0246859	0.0261677
344.7				0.216297	0.204923	0.210554				0.121947	0.122364	0.114128				0.0270616	0.0253879	0.0269023
344.8				0.226582	0.214651	0.220578				0.125511	0.125961	0.117443				0.0278585	0.0261398	0.0276899
344.9				0.237138	0.224635	0.230865				0.129325	0.129808	0.120993				0.0287112	0.0269438	0.0285332
345				0.247865	0.234783	0.241319				0.133397	0.133913	0.124786				0.0296216	0.0278015	0.0294342
345.1				0.25866	0.244996	0.251836				0.13773	0.138277	0.128825				0.0305905	0.0287136	0.0303937
345.2				0.269414	0.255171	0.262312				0.142322	0.142898	0.133109				0.0316172	0.0296793	0.0314114
345.3				0.280025	0.265213	0.272648				0.147164	0.147767	0.13763				0.0326999	0.0306969	0.0324854
345.4				0.290403	0.275036	0.282755				0.152241	0.152868	0.142374				0.0338354	0.0317632	0.0336127
345.5				0.300473	0.284569	0.292559				0.157534	0.158181	0.147324				0.0350193	0.032874	0.034789
345.6				0.310177	0.293757	0.302005				0.163019	0.163683	0.152456				0.0362465	0.0340246	0.036009
345.7				0.319474	0.302562	0.311053				0.16867	0.169348	0.157748				0.0375111	0.0352094	0.0372672
345.8				0.328342	0.310962	0.31968				0.17446	0.175148	0.163174				0.0388072	0.036423	0.0385575
345.9				0.336769	0.318947	0.327878				0.180363	0.181058	0.168707				0.0401288	0.0376597	0.0398739
346				0.344758	0.326519	0.335646				0.186352	0.18705	0.174324				0.0414703	0.0389142	0.0412107
346.1				0.352318	0.333685	0.342995				0.192403	0.193102	0.180003				0.0428262	0.0401816	0.0425626
346.2				0.359465	0.340462	0.34994				0.198495	0.199192	0.185722				0.0441917	0.0414575	0.0439246
346.3				0.366218	0.346866	0.356501				0.204609	0.205302	0.191463				0.0455627	0.0427379	0.0452925
346.4				0.372598	0.35292	0.362698				0.210727	0.211413	0.19721				0.0469352	0.0440193	0.0466624
346.5				0.37863	0.358643	0.368554				0.216835	0.217513	0.20295				0.0483062	0.0452987	0.0480312
346.6				0.384335	0.364058	0.374092				0.222922	0.223589	0.208671				0.0496728	0.0465737	0.049396
346.7				0.389736	0.369186	0.379332				0.228975	0.22963	0.214362				0.0510327	0.0478421	0.0507545
346.8				0.394854	0.374047	0.384297				0.234988	0.23563	0.220016				0.0523841	0.0491022	0.0521047
346.9				0.39971	0.37866	0.389007				0.240953	0.24158	0.225625				0.0537253	0.0503526	0.0534451
347				0.404323	0.383042	0.393478				0.246863	0.247475	0.231186				0.0550552	0.051592	0.0547744
347.1				0.40871	0.387211	0.39773				0.252716	0.253311	0.236692				0.0563726	0.0528196	0.0560914
347.2				0.412888	0.391182	0.401777				0.258507	0.259084	0.242141				0.0576768	0.0540346	0.0573954
347.3				0.416871	0.394969	0.405635				0.264233	0.264792	0.24753				0.0589671	0.0552365	0.0586857
347.4				0.420673	0.398584	0.409317				0.269893	0.270433	0.252856				0.0602431	0.0564249	0.0599619
347.5				0.424307	0.402041	0.412834				0.275484	0.276005	0.25812				0.0615045	0.0575994	0.0612236
347.6				0.427784	0.405349	0.416199				0.281007	0.281507	0.263319				0.062751	0.0587599	0.0624706
347.7				0.431115	0.408518	0.419422				0.28646	0.28694	0.268452				0.0639825	0.0599063	0.0637027
347.8				0.43431	0.411558	0.422511				0.291843	0.292302	0.273521				0.0651989	0.0610385	0.0649198
347.9				0.437376	0.414477	0.425477				0.297157	0.297594	0.278524				0.0664002	0.0621565	0.0661219
348				0.440324	0.417283	0.428326				0.3024	0.302817	0.283462				0.0675865	0.0632603	0.0673091
348.1				0.443159	0.419983	0.431066				0.307575	0.30797	0.288335				0.0687579	0.0643502	0.0684815
348.2				0.445888	0.422582	0.433689				0.312682	0.313054	0.293135				0.0699144	0.0654261	0.0696391
348.3				0.448519	0.425088	0.436229				0.31772	0.318071	0.297881				0.0710564	0.0664883	0.0707821
348.4				0.451056	0.427504	0.438679				0.322692	0.32302	0.302563				0.0721838	0.0675368	0.0719107
348.5				0.453505	0.429838	0.441043				0.327597	0.327903	0.307184				0.0732969	0.068572	0.0730251
348.6				0.45587	0.432092	0.443326				0.332438	0.332721	0.311744				0.0743959	0.069594	0.0741254
348.7				0.458157	0.434271	0.445533				0.337214	0.337475	0.316243				0.075481	0.0706029	0.0752119
348.8				0.46037	0.43638	0.447667				0.341927	0.342166	0.320683				0.0765525	0.0715991	0.0762848
348.9				0.462511	0.438421	0.449732				0.346579	0.346794	0.325065				0.0776105	0.0725826	0.0773442
349				0.464586	0.440399	0.451732				0.351169	0.351362	0.329389				0.0786554	0.0735538	0.0783905
349.1				0.466596	0.442316	0.45367				0.355699	0.355869	0.333658				0.0796872	0.0745128	0.0794238
349.2				0.468546	0.444175	0.455549				0.36017	0.360318	0.33787				0.0807063	0.0754599	0.0804444
349.3				0.470437	0.445979	0.457372				0.364584	0.364709	0.342029				0.0817128	0.0763953	0.0814525
349.4				0.472274	0.44773	0.459141				0.368941	0.369043	0.346134				0.0827071	0.0773191	0.0824484
349.5				0.474057	0.449432	0.460859				0.373242	0.373322	0.350187				0.0836893	0.0782316	0.0834322
349.6				0.47579	0.451085	0.462527				0.377488	0.377546	0.354188				0.0846596	0.0791331	0.0844041
349.7				0.477475	0.452692	0.464149				0.381681	0.381716	0.358139				0.0856183	0.0800237	0.0853645
349.8				0.479114	0.454256	0.465726				0.385821	0.385833	0.36204				0.0865655	0.0809036	0.0863134
349.9				0.480708	0.455777	0.46726				0.389909	0.389899	0.365893				0.0875016	0.081773	0.0872511
350				0.48226	0.457258	0.468753				0.393947	0.393914	0.369697				0.0884267	0.0826321	0.0881779
350.1				0.483771	0.458699	0.470206				0.397935	0.397879	0.373455				0.0893409	0.0834812	0.0890938
350.2				0.485242	0.460104	0.471621				0.401873	0.401796	0.377167				0.0902446	0.0843203	0.0899992
350.3				0.486676	0.461472	0.472999				0.405764	0.405664	0.380834				0.0911378	0.0851497	0.0908942
350.4				0.488073	0.462806	0.474342				0.409608	0.409486	0.384456				0.0920209	0.0859696	0.091779
350.5				0.489435	0.464106	0.475651				0.413405	0.413261	0.388035				0.0928939	0.08678	0.0926538
350.6				0.490764	0.465375	0.476928				0.417157	0.416991	0.391571				0.0937571	0.0875813	0.0935187
350.7				0.49206	0.466612	0.478172				0.420864	0.420676	0.395065				0.0946106	0.0883735	0.0943739
350.8				0.493324	0.467819	0.479386				0.424527	0.424317	0.398517				0.0954546	0.0891569	0.0952197
350.9				0.494558	0.468997	0.480571				0.428148	0.427916	0.401929				0.0962892	0.0899315	0.0960561
351				0.495762	0.470147	0.481727				0.431726	0.431472	0.405302				0.0971147	0.0906976	0.0968834
351.1				0.496938	0.47127	0.482856				0.435262	0.434987	0.408635				0.0979312	0.0914553	0.0977017
351.2				0.498086	0.472366	0.483957				0.438758	0.438461	0.411929				0.0987389	0.0922047	0.0985111
351.3				0.499208	0.473437	0.485033				0.442213	0.441895	0.415186				0.0995378	0.092946	0.0993119
351.4				0.500304	0.474484	0.486084				0.445629	0.44529	0.418406				0.100328	0.0936792	0.100104
351.5				0.501375	0.475506	0.487111				0.449006	0.448645	0.421589				0.10111	0.0944047	0.100888
351.6				0.502421	0.476506	0.488114				0.452346	0.451963	0.424736				0.101884	0.0951224	0.101663
351.7				0.503444	0.477483	0.489094				0.455647	0.455244	0.427848				0.10265	0.0958325	0.102431
351.8				0.504443	0.478438	0.490052				0.458912	0.458487	0.430925				0.103407	0.0965352	0.10319
351.9				0.505421	0.479371	0.490989				0.46214	0.461695	0.433968				0.104157	0.0972305	0.103942
352				0.506377	0.480284	0.491904				0.465333	0.464866	0.436978				0.104899	0.0979186	0.104686
352.1				0.507311	0.481177	0.492799				0.468491	0.468003	0.439954				0.105633	0.0985996	0.105422
352.2				0.508225	0.48205	0.493675				0.471614	0.471105	0.442898				0.10636	0.0992736	0.106151
352.3				0.50912	0.482904	0.49453				0.474703	0.474174	0.44581				0.10708	0.0999407	0.106872
352.4				0.509994	0.48374	0.495368				0.477758	0.477209	0.44869				0.107792	0.100601	0.107586
352.5				0.51085	0.484557	0.496186				0.480781	0.480211	0.451539				0.108497	0.101255	0.108293
352.6				0.511688	0.485357	0.496987				0.483771	0.483181	0.454357				0.109195	0.101902	0.108993
352.7				0.512507	0.48614	0.497771				0.486729	0.486118	0.457146				0.109887	0.102543	0.109686
352.8				0.513309	0.486906	0.498537				0.489656	0.489025	0.459905				0.110571	0.103177	0.110372
352.9				0.514093	0.487656	0.499287				0.492552	0.4919	0.462634				0.111249	0.103805	0.111052
353				0.514861	0.488389	0.500021				0.495417	0.494746	0.465335				0.11192	0.104427	0.111724
353.1				0.515613	0.489107	0.500739				0.498252	0.497561	0.468008				0.112584	0.105043	0.112391
353.2				0.516348	0.48981	0.501442				0.501058	0.500346	0.470652				0.113242	0.105652	0.113051
353.3				0.517069	0.490498	0.502129				0.503834	0.503103	0.473269				0.113894	0.106256	0.113704
353.4				0.517773	0.491171	0.502802				0.506581	0.50583	0.475859				0.11454	0.106854	0.114352
353.5				0.518463	0.49183	0.503354				0.509301	0.50853	0.478321				0.115179	0.107446	0.114993
353.6				0.519139	0.492475	0.503998				0.511992	0.511201	0.480857				0.115812	0.108033	0.115628
353.7				0.5198	0.493107	0.504629				0.514655	0.513845	0.483367				0.11644	0.108614	0.116257
353.8				0.520447	0.493725	0.505246				0.517292	0.516462	0.485852				0.117061	0.10919	0.11688
353.9				0.521081	0.49433	0.50585				0.519901	0.519052	0.488311				0.117677	0.10976	0.117498
354				0.521701	0.494923	0.506441				0.522484	0.521616	0.490746				0.118287	0.110325	0.118109
354.1				0.522308	0.495503	0.507019				0.525041	0.524154	0.493156				0.118891	0.110884	0.118715
354.2				0.522902	0.496071	0.507585				0.527573	0.526666	0.495541				0.11949	0.111438	0.119316
354.3				0.523484	0.496626	0.508139				0.530079	0.529153	0.497903				0.120083	0.111987	0.119911
354.4				0.524054	0.49717	0.508682				0.532559	0.531614	0.500241				0.12067	0.112531	0.1205
354.5				0.524611	0.497703	0.509212				0.535016	0.534052	0.502556				0.121253	0.113071	0.121084
354.6				0.525157	0.498224	0.509731				0.537447	0.536464	0.504848				0.12183	0.113605	0.121663
354.7				0.525691	0.498734	0.510239				0.539855	0.538853	0.507117				0.122402	0.114134	0.122237
354.8				0.526213	0.499233	0.510736				0.542239	0.541218	0.509363				0.122968	0.114658	0.122805
354.9				0.526725	0.499722	0.511222				0.544599	0.54356	0.511588				0.12353	0.115178	0.123368
355				0.527225	0.5002	0.511698				0.546936	0.545878	0.513791				0.124087	0.115693	0.123927
355.1				0.527715	0.500667	0.512163				0.549251	0.548174	0.515972				0.124638	0.116203	0.12448
355.2				0.528194	0.501125	0.512618				0.551542	0.550447	0.518132				0.125185	0.116709	0.125028
355.3				0.528663	0.501573	0.513063				0.553812	0.552698	0.520271				0.125727	0.11721	0.125572
355.4				0.529122	0.502011	0.513499				0.556059	0.554927	0.522389				0.126264	0.117707	0.126111
355.5				0.529571	0.502439	0.513924				0.558285	0.557135	0.524486				0.126796	0.118199	0.126645
355.6				0.53001	0.502858	0.514341				0.560489	0.55932	0.526563				0.127324	0.118687	0.127174
355.7				0.530439	0.503268	0.514748				0.562671	0.561485	0.528621				0.127847	0.119171	0.127699
355.8				0.530859	0.503669	0.515146				0.564833	0.563629	0.530658				0.128365	0.119651	0.128219
355.9				0.53127	0.504061	0.515534				0.566974	0.565752	0.532676				0.128879	0.120126	0.128735
356				0.531671	0.504444	0.515915				0.569095	0.567854	0.534675				0.129389	0.120597	0.129246
356.1				0.532063	0.504819	0.516286				0.571195	0.569937	0.536654				0.129894	0.121064	0.129753
356.2				0.532447	0.505185	0.516649				0.573275	0.571999	0.538615				0.130395	0.121527	0.130255
356.3				0.532822	0.505543	0.517003				0.575336	0.574042	0.540557				0.130891	0.121986	0.130753
356.4				0.533188	0.505892	0.517349				0.577377	0.576065	0.54248				0.131383	0.122441	0.131247
356.5				0.533546	0.506234	0.517688				0.579398	0.578069	0.544386				0.131871	0.122892	0.131737
356.6				0.533896	0.506567	0.518018				0.581401	0.580054	0.546273				0.132355	0.123339	0.132223
356.7				0.534237	0.506893	0.51834				0.583384	0.58202	0.548142				0.132835	0.123782	0.132704
356.8				0.53457	0.507211	0.518655				0.585349	0.583968	0.549994				0.133311	0.124222	0.133181
356.9				0.534896	0.507521	0.518962				0.587295	0.585897	0.551828				0.133782	0.124657	0.133655
357				0.535214	0.507824	0.519261				0.589223	0.587807	0.553646				0.13425	0.12509	0.134124
357.1				0.535524	0.50812	0.519553				0.591133	0.5897	0.555446				0.134714	0.125518	0.13459
357.2				0.535826	0.508408	0.519838				0.593025	0.591575	0.557229				0.135174	0.125943	0.135051
357.3				0.536121	0.50869	0.520115				0.5949	0.593432	0.558996				0.13563	0.126364	0.135509
357.4				0.536409	0.508964	0.520386				0.596757	0.595272	0.560746				0.136082	0.126781	0.135963
357.5				0.53669	0.509232	0.52065				0.598596	0.597095	0.562479				0.13653	0.127196	0.136413
357.6				0.536963	0.509492	0.520907				0.600419	0.5989	0.564197				0.136975	0.127606	0.136859
357.7				0.537229	0.509746	0.521157				0.602224	0.600689	0.565899				0.137416	0.128013	0.137302
357.8				0.537489	0.509993	0.5214				0.604013	0.602461	0.567585				0.137853	0.128417	0.137741
357.9				0.537742	0.510234	0.521637				0.605785	0.604216	0.569255				0.138287	0.128818	0.138176
358				0.537988	0.510469	0.521868				0.607541	0.605955	0.570909				0.138717	0.129215	0.138608
358.1				0.538227	0.510697	0.522092				0.60928	0.607678	0.572549				0.139144	0.129608	0.139036
358.2				0.53846	0.510919	0.52231				0.611004	0.609385	0.574173				0.139567	0.129999	0.139461
358.3				0.538687	0.511134	0.522521				0.612711	0.611075	0.575782				0.139987	0.130386	0.139882
358.4				0.538907	0.511344	0.522727				0.614403	0.612751	0.577377				0.140403	0.13077	0.1403
358.5				0.539121	0.511547	0.522926				0.616079	0.61441	0.578956				0.140816	0.131151	0.140715
358.6				0.539329	0.511745	0.52312				0.617739	0.616055	0.580522				0.141225	0.131529	0.141126
358.7				0.53953	0.511937	0.523308				0.619385	0.617684	0.582072				0.141631	0.131903	0.141533
358.8				0.539726	0.512123	0.52349				0.621015	0.619298	0.583609				0.142034	0.132275	0.141938
358.9				0.539916	0.512304	0.523666				0.62263	0.620897	0.585131				0.142434	0.132644	0.142339
359				0.5401	0.512479	0.523837				0.624231	0.622481	0.586639				0.14283	0.133009	0.142737
359.1				0.540278	0.512648	0.524002				0.625816	0.62405	0.588134				0.143223	0.133372	0.143132
359.2				0.540451	0.512812	0.524162				0.627387	0.625606	0.589615				0.143613	0.133731	0.143523
359.3				0.540618	0.512971	0.524317				0.628944	0.627146	0.591082				0.144	0.134088	0.143912
359.4				0.540779	0.513124	0.524466				0.630487	0.628673	0.592536				0.144383	0.134441	0.144297
359.5				0.540935	0.513272	0.524609				0.632015	0.630185	0.593976				0.144764	0.134792	0.144679
359.6				0.541086	0.513415	0.524748				0.633529	0.631684	0.595403				0.145141	0.13514	0.145058
359.7				0.541231	0.513553	0.524882				0.63503	0.633168	0.596817				0.145516	0.135485	0.145434
359.8				0.541371	0.513686	0.52501				0.636516	0.634639	0.598219				0.145887	0.135828	0.145807
359.9				0.541506	0.513814	0.525134				0.637989	0.636097	0.599607				0.146256	0.136167	0.146177
360				0.541636	0.513937	0.525252				0.639449	0.637541	0.600983				0.146622	0.136504	0.146544
360.1				0.54176	0.514055	0.525366				0.640895	0.638971	0.602346				0.146984	0.136838	0.146909
360.2				0.54188	0.514168	0.525475				0.642328	0.640389	0.603696				0.147344	0.13717	0.14727
360.3				0.541995	0.514276	0.525579				0.643748	0.641793	0.605034				0.147701	0.137498	0.147628
360.4				0.542105	0.51438	0.525679				0.645155	0.643185	0.60636				0.148055	0.137824	0.147984
360.5				0.54221	0.51448	0.525774				0.646549	0.644564	0.607674				0.148406	0.138148	0.148337
360.6				0.54231	0.514574	0.525864				0.647931	0.64593	0.608976				0.148755	0.138469	0.148687
360.7				0.542406	0.514665	0.52595				0.649299	0.647283	0.610266				0.1491	0.138787	0.149034
360.8				0.542497	0.514751	0.526031				0.650656	0.648624	0.611544				0.149443	0.139103	0.149379
360.9				0.542583	0.514832	0.526108				0.651999	0.649953	0.612811				0.149783	0.139416	0.14972
361				0.542665	0.514909	0.526181				0.653331	0.651269	0.614066				0.150121	0.139727	0.150059
361.1				0.542742	0.514982	0.526249				0.65465	0.652573	0.615309				0.150456	0.140035	0.150396
361.2				0.542816	0.51505	0.526313				0.655957	0.653865	0.616541				0.150788	0.140341	0.150729
361.3				0.542884	0.515115	0.526373				0.657252	0.655145	0.617762				0.151118	0.140644	0.151061
361.4				0.542949	0.515175	0.526429				0.658536	0.656414	0.618971				0.151445	0.140945	0.151389
361.5				0.543009	0.515231	0.526481				0.659807	0.657671	0.62017				0.151769	0.141243	0.151715
361.6				0.543064	0.515283	0.526528				0.661067	0.658916	0.621357				0.152091	0.141539	0.152038
361.7				0.543116	0.515331	0.526572				0.662316	0.660149	0.622533				0.15241	0.141833	0.152359
361.8				0.543164	0.515376	0.526612				0.663553	0.661371	0.623699				0.152727	0.142124	0.152677
361.9				0.543207	0.515416	0.526647				0.664778	0.662582	0.624854				0.153041	0.142413	0.152993
362				0.543247	0.515452	0.526679				0.665992	0.663782	0.625999				0.153353	0.1427	0.153306
362.1				0.543282	0.515485	0.526707				0.667195	0.66497	0.627132				0.153662	0.142984	0.153617
362.2				0.543314	0.515514	0.526732				0.668387	0.666147	0.628256				0.153969	0.143266	0.153926
362.3				0.543342	0.515539	0.526752				0.669568	0.667314	0.629369				0.154274	0.143546	0.154232
362.4				0.543365	0.51556	0.526769				0.670738	0.66847	0.630472				0.154576	0.143824	0.154535
362.5				0.543386	0.515578	0.526782				0.671898	0.669614	0.631564				0.154876	0.1441	0.154836
362.6				0.543402	0.515592	0.526792				0.673046	0.670749	0.632647				0.155173	0.144373	0.155135
362.7				0.543414	0.515603	0.526798				0.674184	0.671872	0.633719				0.155468	0.144644	0.155432
362.8				0.543423	0.51561	0.526801				0.675312	0.672985	0.634782				0.155761	0.144913	0.155726
362.9				0.543429	0.515614	0.5268				0.676429	0.674088	0.635834				0.156051	0.14518	0.156018
363				0.54343	0.515614	0.526795				0.677536	0.675181	0.636877				0.156339	0.145444	0.156308
363.1				0.543428	0.51561	0.526788				0.678632	0.676263	0.637911				0.156625	0.145707	0.156595
363.2				0.543423	0.515604	0.526776				0.679718	0.677335	0.638934				0.156909	0.145967	0.15688
363.3				0.543414	0.515594	0.526762				0.680794	0.678397	0.639949				0.15719	0.146226	0.157163
363.4				0.543402	0.51558	0.526744				0.68186	0.679449	0.640953				0.15747	0.146482	0.157444
363.5				0.543386	0.515564	0.526723				0.682916	0.680491	0.641949				0.157747	0.146736	0.157722
363.6				0.543367	0.515544	0.526698				0.683963	0.681523	0.642935				0.158021	0.146989	0.157998
363.7				0.543344	0.515521	0.526671				0.684999	0.682546	0.643911				0.158294	0.147239	0.158273
363.8				0.543319	0.515495	0.52664				0.686026	0.683559	0.644879				0.158565	0.147487	0.158545
363.9				0.54329	0.515466	0.526606				0.687043	0.684562	0.645838				0.158833	0.147734	0.158814
364				0.543257	0.515433	0.526569				0.688051	0.685556	0.646787				0.159099	0.147978	0.159082
364.1				0.543222	0.515398	0.526529				0.689049	0.68654	0.647728				0.159364	0.14822	0.159348
364.2				0.543183	0.51536	0.526486				0.690037	0.687515	0.64866				0.159626	0.148461	0.159611
364.3				0.543142	0.515318	0.52644				0.691017	0.688481	0.649583				0.159886	0.148699	0.159873
364.4				0.543097	0.515274	0.526391				0.691987	0.689437	0.650497				0.160144	0.148936	0.160132
364.5				0.543049	0.515226	0.526339				0.692948	0.690384	0.651402				0.1604	0.14917	0.16039
364.6				0.542998	0.515176	0.526285				0.6939	0.691323	0.652299				0.160654	0.149403	0.160645
364.7				0.542944	0.515123	0.526227				0.694842	0.692252	0.653188				0.160906	0.149634	0.160899
364.8				0.542887	0.515067	0.526166				0.695776	0.693172	0.654068				0.161156	0.149863	0.16115
364.9				0.542827	0.515008	0.526103				0.696701	0.694084	0.65494				0.161404	0.150091	0.1614
365				0.542765	0.514946	0.526037				0.697617	0.694986	0.655803				0.16165	0.150316	0.161647
365.1				0.542699	0.514882	0.525968				0.698525	0.69588	0.656658				0.161894	0.15054	0.161893
365.2				0.542631	0.514815	0.525896				0.699423	0.696765	0.657505				0.162136	0.150762	0.162136
365.3				0.542559	0.514745	0.525822				0.700313	0.697642	0.658344				0.162376	0.150982	0.162378
365.4				0.542485	0.514673	0.525745				0.701195	0.69851	0.659174				0.162615	0.1512	0.162618
365.5				0.542408	0.514598	0.525665				0.702067	0.69937	0.659997				0.162851	0.151417	0.162856
365.6				0.542329	0.51452	0.525583				0.702932	0.700221	0.660812				0.163086	0.151632	0.163092
365.7				0.542247	0.514439	0.525498				0.703788	0.701064	0.661618				0.163319	0.151845	0.163326
365.8				0.542162	0.514357	0.52541				0.704636	0.701899	0.662417				0.16355	0.152056	0.163558
365.9				0.542074	0.514271	0.52532				0.705475	0.702725	0.663208				0.163779	0.152266	0.163789
366				0.541984	0.514183	0.525227				0.706307	0.703544	0.663992				0.164006	0.152474	0.164017
366.1				0.541891	0.514093	0.525132				0.70713	0.704354	0.664768				0.164232	0.15268	0.164244
366.2				0.541796	0.514	0.525035				0.707945	0.705156	0.665536				0.164455	0.152885	0.164469
366.3				0.541698	0.513904	0.524935				0.708752	0.70595	0.666297				0.164677	0.153087	0.164693
366.4				0.541597	0.513806	0.524833				0.709551	0.706736	0.66705				0.164897	0.153289	0.164914
366.5				0.541494	0.513706	0.524728				0.710343	0.707515	0.667795				0.165116	0.153489	0.165134
366.6				0.541389	0.513604	0.524621				0.711126	0.708286	0.668534				0.165332	0.153687	0.165352
366.7				0.541281	0.513499	0.524511				0.711902	0.709049	0.669265				0.165547	0.153883	0.165568
366.8				0.54117	0.513391	0.524399				0.71267	0.709804	0.669989				0.165761	0.154078	0.165783
366.9				0.541058	0.513282	0.524285				0.71343	0.710551	0.670705				0.165972	0.154271	0.165996
367				0.540942	0.51317	0.524169				0.714183	0.711291	0.671414				0.166182	0.154463	0.166207
367.1				0.540825	0.513056	0.52405				0.714928	0.712024	0.672117				0.16639	0.154653	0.166416
367.2				0.540705	0.512939	0.523929				0.715666	0.712749	0.672812				0.166597	0.154842	0.166624
367.3				0.540583	0.512821	0.523806				0.716396	0.713467	0.6735				0.166801	0.155029	0.16683
367.4				0.540458	0.5127	0.523681				0.717119	0.714177	0.674181				0.167004	0.155214	0.167035
367.5				0.540332	0.512577	0.523553				0.717835	0.71488	0.674855				0.167206	0.155398	0.167238
367.6				0.540203	0.512452	0.523423				0.718543	0.715576	0.675523				0.167406	0.15558	0.167439
367.7				0.540072	0.512325	0.523292				0.719244	0.716264	0.676183				0.167604	0.155761	0.167639
367.8				0.539938	0.512195	0.523158				0.719938	0.716946	0.676837				0.167801	0.155941	0.167837
367.9				0.539803	0.512064	0.523022				0.720624	0.71762	0.677484				0.167996	0.156119	0.168033
368				0.539665	0.51193	0.522884				0.721304	0.718287	0.678125				0.168189	0.156295	0.168228
368.1				0.539525	0.511795	0.522744				0.721976	0.718948	0.678759				0.168381	0.15647	0.168421
368.2				0.539383	0.511657	0.522601				0.722642	0.719601	0.679386				0.168572	0.156644	0.168613
368.3				0.539239	0.511517	0.522457				0.723301	0.720247	0.680007				0.168761	0.156816	0.168803
368.4				0.539093	0.511376	0.522311				0.723953	0.720887	0.680621				0.168948	0.156987	0.168992
368.5				0.538944	0.511232	0.522163				0.724597	0.72152	0.681229				0.169134	0.157156	0.169179
368.6				0.538794	0.511087	0.522013				0.725236	0.722146	0.68183				0.169318	0.157324	0.169364
368.7				0.538642	0.510939	0.521861				0.725867	0.722765	0.682425				0.1695	0.15749	0.169548
368.8				0.538488	0.51079	0.521707				0.726492	0.723378	0.683014				0.169682	0.157656	0.169731
368.9				0.538331	0.510638	0.521551				0.72711	0.723984	0.683596				0.169861	0.157819	0.169912
369				0.538173	0.510485	0.521393				0.727721	0.724583	0.684172				0.17004	0.157982	0.170091
369.1				0.538013	0.51033	0.521234				0.728326	0.725176	0.684742				0.170216	0.158142	0.170269
369.2				0.537851	0.510173	0.521072				0.728925	0.725763	0.685306				0.170392	0.158302	0.170446
369.3				0.537687	0.510014	0.520909				0.729517	0.726343	0.685864				0.170566	0.15846	0.170621
369.4				0.537521	0.509854	0.520744				0.730102	0.726917	0.686416				0.170738	0.158617	0.170795
369.5				0.537353	0.509691	0.520577				0.730681	0.727484	0.686962				0.170909	0.158773	0.170967
369.6				0.537183	0.509527	0.520409				0.731254	0.728045	0.687502				0.171079	0.158927	0.171138
369.7				0.537012	0.509361	0.520238				0.731821	0.7286	0.688035				0.171247	0.15908	0.171307
369.8				0.536838	0.509194	0.520066				0.732381	0.729148	0.688563				0.171414	0.159231	0.171476
369.9				0.536663	0.509024	0.519892				0.732935	0.729691	0.689085				0.171579	0.159382	0.171642
370				0.536486	0.508853	0.519717				0.733483	0.730227	0.689602				0.171743	0.159531	0.171807
370.1				0.536194	0.50868	0.519539				0.73387	0.730757	0.690112				0.171908	0.159679	0.171971
370.2				0.536014	0.508506	0.51936				0.734405	0.731281	0.690617				0.17207	0.159825	0.172134
370.3				0.535832	0.50833	0.51918				0.734935	0.731799	0.691116				0.172229	0.15997	0.172295
370.4				0.535648	0.508152	0.518997				0.735459	0.732312	0.69161				0.172388	0.160114	0.172455
370.5				0.535462	0.507972	0.518814				0.735977	0.732818	0.692098				0.172545	0.160257	0.172613
370.6				0.535275	0.507791	0.518628				0.736488	0.733318	0.69258				0.172701	0.160398	0.17277
370.7				0.535086	0.507608	0.518441				0.736994	0.733813	0.693057				0.172855	0.160538	0.172926
370.8				0.534896	0.507424	0.518252				0.737495	0.734301	0.693528				0.173009	0.160677	0.17308
370.9				0.534703	0.507238	0.518062				0.737989	0.734784	0.693994				0.17316	0.160815	0.173234
371				0.534509	0.507051	0.51787				0.738477	0.735261	0.694454				0.173311	0.160952	0.173385
371.1				0.534314	0.506862	0.517676				0.73896	0.735733	0.694909				0.17346	0.161087	0.173536
371.2				0.534117	0.506671	0.517481				0.739437	0.736199	0.695359				0.173608	0.161221	0.173685
371.3				0.533918	0.506479	0.517285				0.739909	0.736659	0.695803				0.173755	0.161354	0.173833
371.4				0.533718	0.506286	0.517087				0.740375	0.737113	0.696242				0.1739	0.161486	0.17398
371.5				0.533516	0.506091	0.516888				0.740835	0.737562	0.696676				0.174045	0.161616	0.174125
371.6				0.533313	0.505894	0.516687				0.74129	0.738006	0.697104				0.174187	0.161746	0.174269
371.7				0.533108	0.505696	0.516484				0.741739	0.738444	0.697527				0.174329	0.161874	0.174412
371.8				0.532902	0.505497	0.51628				0.742183	0.738877	0.697946				0.17447	0.162001	0.174554
371.9				0.532694	0.505296	0.516075				0.742621	0.739304	0.698359				0.174609	0.162127	0.174694
372				0.532484	0.505093	0.515868				0.743054	0.739726	0.698767				0.174747	0.162255	0.174834
372.1				0.532274	0.50489	0.51566				0.743482	0.740142	0.699169				0.174883	0.162379	0.174972
372.2				0.532061	0.504684	0.515451				0.743904	0.740554	0.699567				0.175019	0.162502	0.175124
372.3				0.531848	0.504478	0.51524				0.744321	0.74096	0.69996				0.175153	0.162623	0.17526
372.4				0.531632	0.50427	0.515027				0.744733	0.74136	0.700348				0.175287	0.162744	0.175393
372.5				0.531416	0.504061	0.514814				0.74514	0.741756	0.700731				0.175419	0.162863	0.175527
372.6				0.531198	0.50385	0.514599				0.745541	0.742146	0.701109				0.175549	0.162981	0.175659
372.7				0.530978	0.503638	0.514382				0.745937	0.742532	0.701483				0.175679	0.163098	0.17579
372.8				0.530757	0.503425	0.514165				0.746328	0.742912	0.701851				0.175807	0.163214	0.175919
372.9				0.530535	0.50321	0.513946				0.746714	0.743287	0.702215				0.175935	0.163329	0.176048
373				0.530312	0.502994	0.513726				0.747095	0.743657	0.702574				0.176061	0.163443	0.176177
373.1				0.530087	0.502777	0.513504				0.747471	0.744022	0.702928				0.176186	0.163556	0.176303
373.2				0.529861	0.502558	0.513281				0.747842	0.744382	0.703277				0.17631	0.163667	0.176428
373.3				0.529633	0.502339	0.513057				0.748208	0.744738	0.703622				0.176432	0.163778	0.176552
373.4				0.529404	0.502118	0.512832				0.748569	0.745088	0.703962				0.176554	0.163888	0.176675
373.5				0.529174	0.501895	0.512605				0.748925	0.745433	0.704298				0.176674	0.163996	0.176797
373.6				0.528943	0.501672	0.512377				0.749277	0.745774	0.704629				0.176794	0.164104	0.176917
373.7				0.52871	0.501447	0.512148				0.749623	0.74611	0.704955				0.176912	0.16421	0.177037
373.8				0.528476	0.501221	0.511918				0.749965	0.746441	0.705277				0.177029	0.164316	0.177155
373.9				0.528241	0.500994	0.511687				0.750302	0.746767	0.705594				0.177145	0.16442	0.177272
374				0.528004	0.500766	0.511454				0.750634	0.747089	0.705907				0.17726	0.164524	0.177389
374.1				0.527766	0.500536	0.51122				0.750961	0.747405	0.706215				0.177374	0.164626	0.177504
374.2				0.527527	0.500305	0.510985				0.751284	0.747718	0.70652				0.177487	0.164728	0.177618
374.3				0.527287	0.500074	0.510749				0.751602	0.748025	0.706819				0.177599	0.164828	0.177731
374.4				0.527046	0.499841	0.510512				0.751915	0.748328	0.707114				0.17771	0.164928	0.177843
374.5				0.526803	0.499606	0.510273				0.752224	0.748626	0.707405				0.177819	0.165026	0.177954
374.6				0.52656	0.499371	0.510034				0.752529	0.74892	0.707692				0.177928	0.165124	0.178063
374.7				0.526315	0.499135	0.509793				0.752828	0.74921	0.707974				0.178035	0.16522	0.178172
374.8				0.526069	0.498897	0.509551				0.753124	0.749495	0.708252				0.178142	0.165316	0.17828
374.9				0.525821	0.498659	0.509309				0.753414	0.749775	0.708526				0.178248	0.165411	0.178387
375				0.525573	0.498419	0.509065				0.753701	0.750051	0.708796				0.178352	0.165504	0.178492
375.1				0.525324	0.498178	0.50882				0.753983	0.750322	0.709061				0.178455	0.165597	0.178597
375.2				0.525073	0.497936	0.508574				0.75426	0.75059	0.709323				0.178558	0.165689	0.178701
375.3				0.524821	0.497694	0.508326				0.754533	0.750853	0.70958				0.178659	0.16578	0.178803
375.4				0.524569	0.49745	0.508078				0.754802	0.751111	0.709833				0.17876	0.16587	0.178905
375.5				0.524315	0.497205	0.507829				0.755066	0.751365	0.710082				0.178859	0.165959	0.179006
375.6				0.52406	0.496959	0.507579				0.755326	0.751615	0.710327				0.178958	0.166047	0.179105
375.7				0.523804	0.496712	0.507328				0.755582	0.751861	0.710568				0.179055	0.166134	0.179204
375.8				0.523547	0.496464	0.507075				0.755834	0.752102	0.710805				0.179152	0.166221	0.179302
375.9				0.523289	0.496215	0.506822				0.756081	0.75234	0.711038				0.179247	0.166306	0.179398
376				0.52303	0.495965	0.506568				0.756325	0.752573	0.711267				0.179342	0.16639	0.179494
376.1				0.522769	0.495713	0.506313				0.756564	0.752802	0.711493				0.179435	0.166474	0.179589
376.2				0.522508	0.495462	0.506057				0.756799	0.753027	0.711714				0.179528	0.166557	0.179683
376.3				0.522246	0.495209	0.505799				0.75703	0.753248	0.711931				0.17962	0.166639	0.179776
376.4				0.521983	0.494955	0.505541				0.757256	0.753464	0.712145				0.17971	0.16672	0.179867
376.5				0.521719	0.4947	0.505282				0.757479	0.753677	0.712355				0.1798	0.1668	0.179958
376.6				0.521454	0.494444	0.505022				0.757698	0.753886	0.71256				0.179889	0.166879	0.180049
376.7				0.521187	0.494187	0.504761				0.757912	0.754091	0.712763				0.179977	0.166957	0.180138
376.8				0.52092	0.49393	0.5045				0.758123	0.754291	0.712961				0.180064	0.167035	0.180226
376.9				0.520652	0.493671	0.504237				0.75833	0.754488	0.713156				0.18015	0.167111	0.180313
377				0.520383	0.493412	0.503973				0.758532	0.754681	0.713347				0.180235	0.167187	0.180399
377.1				0.520113	0.493151	0.503709				0.758731	0.75487	0.713534				0.18032	0.167262	0.180485
377.2				0.519842	0.49289	0.503443				0.758926	0.755055	0.713717				0.180403	0.167336	0.180569
377.3				0.519571	0.492628	0.503177				0.759117	0.755237	0.713897				0.180486	0.16741	0.180653
377.4				0.519298	0.492365	0.50291				0.759305	0.755414	0.714074				0.180567	0.167482	0.180736
377.5				0.519024	0.492101	0.502642				0.759488	0.755588	0.714246				0.180648	0.167554	0.180818
377.6				0.51875	0.491836	0.502373				0.759668	0.755758	0.714415				0.180728	0.167624	0.180899
377.7				0.518474	0.491571	0.502103				0.759843	0.755924	0.714581				0.180807	0.167694	0.180979
377.8				0.518198	0.491304	0.501833				0.760016	0.756086	0.714743				0.180885	0.167764	0.181058
377.9				0.517921	0.491037	0.501561				0.760184	0.756245	0.714902				0.180962	0.167832	0.181136
378				0.517643	0.490769	0.501289				0.760349	0.7564	0.715057				0.181038	0.1679	0.181214
378.1				0.517364	0.4905	0.501075				0.76051	0.756552	0.715293				0.181114	0.167966	0.18129
378.2				0.517084	0.49023	0.500801				0.760667	0.756699	0.71544				0.181188	0.168032	0.181366
378.3				0.516804	0.48996	0.500526				0.760821	0.756843	0.715584				0.181262	0.168098	0.181441
378.4				0.516523	0.489688	0.50025				0.760971	0.756984	0.715725				0.181335	0.168162	0.181515
378.5				0.51624	0.489416	0.499973				0.761117	0.757121	0.715863				0.181407	0.168226	0.181588
378.6				0.515957	0.489143	0.499696				0.76126	0.757254	0.715997				0.181478	0.168288	0.181661
378.7				0.515673	0.48887	0.499418				0.761399	0.757384	0.716127				0.181549	0.168351	0.181732
378.8				0.515389	0.488595	0.499139				0.761535	0.757511	0.716255				0.181618	0.168412	0.181803
378.9				0.515103	0.48832	0.498859				0.761667	0.757634	0.716379				0.181687	0.168472	0.181873
379				0.514817	0.488044	0.498579				0.761796	0.757753	0.716499				0.181755	0.168532	0.181942
379.1				0.51453	0.487767	0.498298				0.761922	0.757869	0.716617				0.181822	0.168591	0.18201
379.2				0.514242	0.48749	0.498016				0.762043	0.757982	0.716731				0.181889	0.16865	0.182077
379.3				0.513954	0.487212	0.497759				0.762162	0.758091	0.716879				0.181954	0.168707	0.182144
379.4				0.513664	0.486933	0.497476				0.762277	0.758196	0.716987				0.182019	0.168764	0.18221
379.5				0.513374	0.486653	0.497192				0.762389	0.758299	0.717092				0.182083	0.16882	0.182275
379.6				0.513084	0.486373	0.496907				0.762497	0.758398	0.717193				0.182146	0.168875	0.182339
379.7				0.512792	0.486092	0.496622				0.762602	0.758494	0.717292				0.182208	0.16893	0.182403
379.8				0.5125	0.48581	0.496336				0.762703	0.758586	0.717387				0.18227	0.168984	0.182465
379.9				0.512207	0.485528	0.496049				0.762802	0.758675	0.717479				0.182331	0.169037	0.182527
380				0.511913	0.485244	0.495762				0.762897	0.758761	0.717568				0.182391	0.169089	0.182588
